"Date","Price","Open","High","Low","Change %"
"05/15/2026","9.330","9.330","9.330","9.330","1.76%"
"05/14/2026","9.169","9.175","9.201","9.169","-0.35%"
"05/13/2026","9.201","9.194","9.230","9.194","0.08%"
"05/12/2026","9.194","9.117","9.200","9.117","0.84%"
"05/11/2026","9.117","9.072","9.230","9.072","0.50%"
"05/08/2026","9.072","9.019","9.100","9.019","0.59%"
"05/07/2026","9.019","9.059","9.060","9.019","-0.44%"
"05/06/2026","9.059","9.219","9.219","9.059","-1.74%"
"05/05/2026","9.219","9.231","9.270","9.210","-0.13%"
"05/04/2026","9.231","9.210","9.275","9.210","0.23%"
"05/01/2026","9.210","9.210","9.210","9.210","-0.04%"
"04/30/2026","9.214","9.232","9.310","9.214","-0.19%"
"04/29/2026","9.232","9.079","9.232","9.079","1.69%"
"04/28/2026","9.079","9.054","9.110","9.054","0.28%"
"04/27/2026","9.054","9.067","9.090","9.040","-0.14%"
"04/24/2026","9.067","8.923","9.120","8.923","1.61%"
"04/23/2026","8.923","8.911","9.015","8.880","0.13%"
"04/22/2026","8.911","8.879","8.950","8.879","0.36%"
"04/21/2026","8.879","8.870","8.879","8.870","0.10%"
"04/20/2026","8.870","8.872","8.930","8.850","-0.02%"
"04/17/2026","8.872","9.010","9.010","8.870","-1.53%"
"04/16/2026","9.010","9.010","9.010","8.987","0.00%"
"04/15/2026","9.010","9.010","9.010","8.935","0.00%"
"04/14/2026","9.010","9.010","9.010","8.950","0.00%"
"04/13/2026","9.010","9.300","9.300","9.010","-3.12%"
"04/10/2026","9.300","9.300","9.300","9.010","0.00%"
"04/09/2026","9.300","9.300","9.300","9.060","0.00%"
"04/08/2026","9.300","9.260","9.300","9.085","0.43%"
"04/07/2026","9.260","9.160","9.345","9.160","1.09%"
"04/06/2026","9.160","9.160","9.235","9.150","0.00%"
"04/03/2026","9.160","9.160","9.160","9.160","0.00%"
"04/02/2026","9.160","9.160","9.160","9.160","0.00%"
"04/01/2026","9.160","9.160","9.450","9.160","0.00%"
"03/31/2026","9.160","9.160","9.450","9.160","0.00%"
"03/30/2026","9.160","9.160","9.350","9.160","0.00%"
"03/27/2026","9.160","9.450","9.450","9.160","-3.07%"
"03/26/2026","9.450","9.450","9.450","9.160","0.00%"
"03/25/2026","9.450","9.450","9.450","9.120","0.00%"
"03/24/2026","9.450","9.450","9.450","9.345","0.00%"
"03/23/2026","9.450","9.320","9.450","9.320","1.39%"
"03/20/2026","9.320","9.450","9.450","9.320","-1.38%"
"03/19/2026","9.450","9.450","9.450","9.450","0.00%"
"03/18/2026","9.450","9.450","9.450","9.450","0.00%"
"03/17/2026","9.450","9.450","9.450","9.450","0.00%"
"03/16/2026","9.450","9.210","9.450","9.210","2.61%"
"03/13/2026","9.210","9.030","9.420","9.030","1.99%"
"03/12/2026","9.030","9.030","9.160","9.030","0.00%"
"03/11/2026","9.030","9.030","9.030","9.030","0.00%"
"03/10/2026","9.030","9.030","9.030","8.950","0.00%"
"03/09/2026","9.030","8.990","9.180","8.990","0.44%"
"03/06/2026","8.990","8.790","9.157","8.790","2.28%"
"03/05/2026","8.790","8.790","8.985","8.790","0.00%"
"03/04/2026","8.790","8.790","8.840","8.790","0.00%"
"03/03/2026","8.790","8.960","8.960","8.790","0.00%"
"03/02/2026","8.790","8.730","8.815","8.730","0.69%"
"02/27/2026","8.730","8.730","8.730","8.635","0.00%"
"02/26/2026","8.730","8.693","8.730","8.693","0.00%"
"02/25/2026","8.730","8.750","8.750","8.700","-0.23%"
"02/24/2026","8.750","8.770","8.880","8.750","-0.23%"
"02/23/2026","8.770","8.760","8.835","8.760","0.11%"
"02/20/2026","8.760","8.750","8.820","8.750","0.11%"
"02/19/2026","8.750","8.740","8.776","8.740","0.11%"
"02/18/2026","8.740","8.760","8.805","8.740","-0.23%"
"02/17/2026","8.760","8.780","8.823","8.760","-0.23%"
"02/16/2026","8.780","8.780","8.845","8.780","0.00%"
"02/13/2026","8.780","8.780","8.780","8.752","0.00%"
"02/12/2026","8.780","8.780","8.780","8.755","0.00%"
"02/11/2026","8.780","8.780","8.800","8.743","0.00%"
"02/10/2026","8.780","8.840","8.905","8.780","-0.68%"
"02/09/2026","8.840","8.840","8.840","8.840","0.00%"
"02/06/2026","8.840","8.910","8.910","8.840","-0.79%"
"02/05/2026","8.910","8.925","8.940","8.910","-0.17%"
"02/04/2026","8.925","8.920","8.965","8.920","0.06%"
"02/03/2026","8.920","8.930","8.930","8.880","-0.11%"
"02/02/2026","8.930","8.930","8.930","8.930","0.11%"
"01/30/2026","8.920","8.970","8.970","8.903","-0.56%"
"01/29/2026","8.970","8.950","8.970","8.930","0.22%"
"01/28/2026","8.950","8.970","8.970","8.921","-0.22%"
"01/27/2026","8.970","8.950","8.987","8.950","0.22%"
"01/26/2026","8.950","8.970","9.030","8.950","-0.22%"
"01/23/2026","8.970","9.080","9.080","8.950","-1.21%"
"01/22/2026","9.080","9.210","9.210","9.020","-1.41%"
"01/21/2026","9.210","9.100","9.220","9.100","1.21%"
"01/20/2026","9.100","9.100","9.235","9.100","0.00%"
"01/19/2026","9.100","9.100","9.215","9.100","0.00%"
"01/16/2026","9.100","9.100","9.100","9.060","0.00%"
"01/15/2026","9.100","9.100","9.100","8.990","0.00%"
"01/14/2026","9.100","9.100","9.100","8.995","0.00%"
"01/13/2026","9.100","9.100","9.100","9.005","0.00%"
"01/12/2026","9.100","9.100","9.100","9.030","0.00%"
"01/09/2026","9.100","9.100","9.100","9.007","4.19%"
"01/08/2026","8.734","8.730","8.797","8.680","0.05%"
"01/07/2026","8.730","8.820","8.820","8.684","-0.05%"
"01/06/2026","8.734","8.900","8.900","8.734","-1.87%"
"01/05/2026","8.900","8.910","8.950","8.900","-0.11%"
"01/02/2026","8.910","8.950","8.985","8.910","-0.45%"
"01/01/2026","8.950","8.950","8.950","8.950","0.00%"
"12/31/2025","8.950","9.000","9.025","8.950","-0.56%"
"12/30/2025","9.000","9.090","9.095","9.000","0.11%"
"12/29/2025","8.990","8.990","8.990","8.990","0.11%"
"12/26/2025","8.980","8.960","9.053","8.960","0.22%"
"12/24/2025","8.960","8.990","9.004","8.960","-0.33%"
"12/23/2025","8.990","9.030","9.040","8.990","-0.44%"
"12/22/2025","9.030","8.987","9.100","8.900","1.57%"
"12/19/2025","8.890","8.910","8.985","8.890","-0.22%"
"12/18/2025","8.910","8.980","8.980","8.890","-0.78%"
"12/17/2025","8.980","9.063","9.063","8.980","-0.33%"
"12/16/2025","9.010","8.970","9.100","8.970","-0.04%"
"12/15/2025","9.014","8.970","9.047","8.970","0.49%"
"12/12/2025","8.970","8.970","8.970","8.970","-0.04%"
"12/11/2025","8.974","8.980","8.995","8.970","0.00%"
"12/10/2025","8.974","8.800","9.060","8.800","1.98%"
"12/09/2025","8.800","8.800","8.800","8.800","-0.34%"
"12/08/2025","8.830","8.690","8.843","8.690","1.61%"
"12/05/2025","8.690","8.660","8.690","8.660","0.35%"
"12/04/2025","8.660","8.720","8.735","8.660","-0.69%"
"12/03/2025","8.720","8.760","8.760","8.664","-0.46%"
"12/02/2025","8.760","8.760","8.803","8.760","0.46%"
"12/01/2025","8.720","8.837","8.837","8.720","0.35%"
"11/28/2025","8.690","8.720","8.815","8.690","-0.05%"
"11/27/2025","8.694","8.790","8.795","8.694","-1.09%"
"11/26/2025","8.790","8.833","8.833","8.790","-0.45%"
"11/25/2025","8.830","8.850","8.850","8.830","-0.11%"
"11/24/2025","8.840","8.820","8.840","8.820","0.23%"
"11/21/2025","8.820","8.750","8.827","8.750","0.80%"
"11/20/2025","8.750","8.730","8.840","8.730","0.23%"
"11/19/2025","8.730","8.760","8.760","8.730","-0.34%"
"11/18/2025","8.760","8.760","8.760","8.760","0.00%"
"11/17/2025","8.760","8.760","8.760","8.760","0.11%"
"11/14/2025","8.750","8.750","8.750","8.750","0.00%"
"11/13/2025","8.750","8.800","8.800","8.750","-0.57%"
"11/12/2025","8.800","8.780","8.800","8.780","0.23%"
"11/11/2025","8.780","8.760","8.780","8.760","0.23%"
"11/10/2025","8.760","8.680","8.760","8.680","0.92%"
"11/07/2025","8.680","8.690","8.690","8.680","-0.12%"
"11/06/2025","8.690","8.670","8.690","8.670","0.23%"
"11/05/2025","8.670","8.670","8.670","8.670","0.00%"
"11/04/2025","8.670","8.650","8.670","8.650","0.23%"
"11/03/2025","8.650","8.660","8.660","8.650","-0.12%"
"10/31/2025","8.660","8.640","8.660","8.640","0.23%"
"10/30/2025","8.640","8.550","8.640","8.550","1.05%"
"10/29/2025","8.550","8.590","8.590","8.550","-0.47%"
"10/28/2025","8.590","8.600","8.600","8.590","-0.12%"
"10/27/2025","8.600","8.550","8.600","8.550","-0.05%"
"10/24/2025","8.604","8.520","8.604","8.520","0.99%"
"10/23/2025","8.520","8.520","8.520","8.520","-0.05%"
"10/22/2025","8.524","8.560","8.560","8.524","-0.42%"
"10/21/2025","8.560","8.540","8.560","8.540","0.23%"
"10/20/2025","8.540","8.490","8.540","8.490","0.59%"
"10/17/2025","8.490","8.500","8.500","8.490","-0.12%"
"10/16/2025","8.500","8.560","8.560","8.500","-0.70%"
"10/15/2025","8.560","8.560","8.560","8.560","-0.05%"
"10/14/2025","8.564","8.570","8.570","8.560","0.00%"
"10/13/2025","8.564","8.570","8.570","8.564","-0.42%"
"10/10/2025","8.600","8.670","8.670","8.600","-0.81%"
"10/09/2025","8.670","8.670","8.670","8.670","0.00%"
"10/08/2025","8.670","8.670","8.670","8.670","0.00%"
"10/07/2025","8.670","8.670","8.670","8.670","-0.05%"
"10/06/2025","8.674","8.650","8.674","8.650","0.00%"
"10/03/2025","8.674","8.630","8.674","8.630","0.23%"
"10/02/2025","8.654","8.590","8.654","8.590","0.75%"
"10/01/2025","8.590","8.590","8.590","8.590","-0.05%"
"09/30/2025","8.594","8.620","8.620","8.590","-0.30%"
"09/29/2025","8.620","8.550","8.620","8.550","0.82%"
"09/26/2025","8.550","8.550","8.550","8.550","0.35%"
"09/25/2025","8.520","8.520","8.520","8.520","-0.23%"
"09/24/2025","8.540","8.540","8.540","8.540","-0.35%"
"09/23/2025","8.570","8.570","8.570","8.570","-0.23%"
"09/22/2025","8.590","8.574","8.590","8.574","0.47%"
"09/19/2025","8.550","8.620","8.620","8.550","-0.86%"
"09/18/2025","8.624","0.000","0.000","0.000","0.70%"
"09/12/2025","8.564","0.000","0.000","0.000","-1.95%"
"09/10/2025","8.734","0.000","0.000","0.000","0.11%"
"09/05/2025","8.724","8.724","8.724","8.724","-1.02%"
"09/03/2025","8.814","8.814","8.814","8.814","0.46%"
"09/02/2025","8.774","0.000","0.000","0.000","-1.02%"
"08/28/2025","8.864","8.864","8.864","8.864","-0.23%"
"08/22/2025","8.884","8.884","8.884","8.884","-1.11%"
"08/19/2025","8.984","8.984","8.984","8.984","-0.22%"
"08/15/2025","9.004","9.004","9.004","9.004","0.56%"
"08/13/2025","8.954","8.954","8.954","8.954","-0.78%"
"08/12/2025","9.024","0.000","0.000","0.000","0.11%"
"08/08/2025","9.014","9.014","9.014","9.014","-0.88%"
"08/05/2025","9.094","9.094","9.094","9.094","-0.55%"
"08/01/2025","9.144","9.144","9.144","9.144","-3.18%"
"07/29/2025","9.444","9.444","9.444","9.444","0.00%"
"07/23/2025","9.444","9.444","9.444","9.444","0.00%"
"07/15/2025","9.444","9.444","9.444","9.444","2.27%"
"07/11/2025","9.234","9.234","9.234","9.234","-0.17%"
"07/10/2025","9.250","9.250","9.250","9.250","0.39%"
"07/09/2025","9.214","9.214","9.214","9.214","-0.46%"
"07/08/2025","9.257","9.257","9.257","9.257","0.33%"
"07/07/2025","9.227","9.227","9.227","9.227","0.80%"
"07/04/2025","9.153","9.257","9.257","9.257","0.58%"
"07/03/2025","9.101","9.137","9.137","9.137","-0.49%"
"07/02/2025","9.146","9.200","9.200","9.200","0.54%"
"07/01/2025","9.097","9.150","9.150","9.150","-0.44%"
"06/30/2025","9.137","9.190","9.190","9.190","-0.04%"
"06/27/2025","9.140","9.245","9.255","9.147","-0.33%"
"06/26/2025","9.170","9.245","9.255","9.245","-0.24%"
"06/25/2025","9.192","9.187","9.255","9.187","-2.63%"
"06/24/2025","9.440","9.248","9.444","9.230","1.57%"
"06/23/2025","9.294","9.352","9.352","9.345","-0.06%"
"06/20/2025","9.300","9.335","9.335","9.335","0.81%"
"06/19/2025","9.225","9.277","9.277","9.273","-0.49%"
"06/18/2025","9.271","9.297","9.330","9.297","-0.01%"
"06/17/2025","9.271","9.293","9.293","9.290","-0.10%"
"06/16/2025","9.281","9.333","9.333","9.302","-0.64%"
"06/13/2025","9.340","9.336","9.340","9.336","1.37%"
"06/12/2025","9.214","9.238","9.238","9.227","-0.52%"
"06/11/2025","9.262","9.292","9.292","9.280","1.11%"
"06/10/2025","9.160","9.167","9.175","9.167","-0.21%"
"06/09/2025","9.179","9.247","9.247","9.217","-0.15%"
"06/06/2025","9.193","9.190","9.210","9.190","0.05%"
"06/05/2025","9.188","9.197","9.197","9.197","-0.02%"
"06/04/2025","9.190","9.254","9.444","9.194","-1.10%"
"06/03/2025","9.292","9.340","9.340","9.310","-0.10%"
"06/02/2025","9.302","9.360","9.360","9.358","-0.20%"
"05/30/2025","9.320","9.380","9.385","9.324","0.13%"
"05/29/2025","9.308","9.356","9.356","9.323","-0.78%"
"05/28/2025","9.382","9.443","9.443","9.415","-0.06%"
"05/27/2025","9.387","9.415","9.450","9.415","-0.35%"
"05/26/2025","9.420","9.424","9.424","9.424","0.35%"
"05/23/2025","9.387","9.465","9.465","9.465","-0.13%"
"05/22/2025","9.400","9.453","9.453","9.404","-0.42%"
"05/21/2025","9.440","9.427","9.497","9.427","0.75%"
"05/20/2025","9.370","9.413","9.413","9.374","0.11%"
"05/16/2025","9.360","9.364","9.364","9.364","-1.99%"
"05/15/2025","9.550","9.550","9.550","9.550","0.60%"
"05/14/2025","9.493","9.497","9.527","9.497","0.89%"
"05/13/2025","9.410","9.384","9.414","9.384","0.14%"
"05/12/2025","9.397","9.404","9.417","9.404","0.40%"
"05/09/2025","9.360","9.364","9.364","9.364","0.39%"
"05/08/2025","9.324","9.324","9.324","9.324","0.47%"
"05/07/2025","9.280","9.334","9.334","9.284","-0.75%"
"05/06/2025","9.350","9.414","9.447","9.354","-0.85%"
"05/05/2025","9.430","9.458","9.458","9.434","0.21%"
"05/02/2025","9.410","9.430","9.430","9.430","0.97%"
"04/30/2025","9.320","9.324","9.324","9.324","0.40%"
"04/29/2025","9.283","9.260","9.300","9.260","0.42%"
"04/28/2025","9.243","9.270","9.270","9.257","-0.29%"
"04/25/2025","9.270","9.400","9.400","9.274","-1.03%"
"04/24/2025","9.366","9.400","9.400","9.383","-0.88%"
"04/23/2025","9.450","9.447","9.454","9.447","-0.42%"
"04/22/2025","9.490","9.520","9.520","9.515","-0.52%"
"04/21/2025","9.540","9.493","9.570","9.493","0.85%"
"04/16/2025","9.460","9.527","9.527","9.464","0.00%"
"04/15/2025","9.460","9.524","9.524","9.464","-0.84%"
"04/14/2025","9.540","9.444","9.544","9.444","-0.31%"
"04/11/2025","9.570","9.514","9.574","9.304","2.90%"
"04/10/2025","9.300","9.304","9.304","9.304","-0.75%"
"04/09/2025","9.370","9.514","9.514","9.374","-0.43%"
"04/08/2025","9.410","9.364","9.414","9.364","1.05%"
"04/07/2025","9.313","8.954","9.365","8.954","1.78%"
"04/04/2025","9.150","8.954","9.154","8.954","1.55%"
"04/03/2025","9.010","9.037","9.060","9.014","-2.65%"
"04/02/2025","9.255","9.270","9.273","9.270","-0.41%"
"04/01/2025","9.293","9.320","9.320","9.307","-0.52%"
"03/31/2025","9.342","9.350","9.350","9.350","0.08%"
"03/28/2025","9.335","9.345","9.350","9.345","-1.22%"
"03/27/2025","9.450","9.480","9.480","9.470","-0.11%"
"03/26/2025","9.460","9.494","9.494","9.464","0.00%"
"03/25/2025","9.460","9.510","9.520","9.464","-0.21%"
"03/24/2025","9.480","9.444","9.484","9.444","0.21%"
"03/21/2025","9.460","9.400","9.464","9.400","0.96%"
"03/20/2025","9.370","9.304","9.374","9.304","-0.74%"
"03/19/2025","9.440","9.447","9.447","9.408","0.18%"
"03/18/2025","9.424","9.520","9.520","9.457","-0.49%"
"03/14/2025","9.470","9.533","9.533","9.474","-0.21%"
"03/13/2025","9.490","9.553","9.553","9.494","-1.04%"
"03/12/2025","9.590","9.580","9.594","9.570","0.69%"
"03/11/2025","9.524","9.583","9.583","9.575","0.04%"
"03/10/2025","9.520","9.485","9.560","9.485","1.05%"
"03/07/2025","9.422","9.434","9.440","9.434","-0.51%"
"03/06/2025","9.470","9.520","9.570","9.474","0.00%"
"03/05/2025","9.470","9.530","9.530","9.474","-1.04%"
"03/04/2025","9.570","9.530","9.574","9.530","1.38%"
"03/03/2025","9.440","9.484","9.484","9.444","-0.42%"
"02/28/2025","9.480","9.570","9.570","9.484","0.23%"
"02/27/2025","9.458","9.557","9.557","9.506","-0.76%"
"02/26/2025","9.530","9.635","9.635","9.534","-2.06%"
"02/24/2025","9.730","9.797","9.797","9.734","-0.37%"
"02/21/2025","9.766","9.815","9.815","9.774","-1.05%"
"02/20/2025","9.870","9.970","9.970","9.945","-0.20%"
"02/19/2025","9.890","9.903","9.967","9.903","0.45%"
"02/18/2025","9.846","9.945","9.945","9.854","-0.40%"
"02/17/2025","9.886","9.950","9.950","9.894","0.41%"
"02/14/2025","9.846","9.810","9.907","9.810","-0.20%"
"02/13/2025","9.866","9.990","9.990","9.874","0.01%"
"02/12/2025","9.865","10.000","10.000","9.914","0.29%"
"02/11/2025","9.836","9.900","9.900","9.844","1.79%"
"02/10/2025","9.663","9.843","9.843","9.754","-0.41%"
"02/07/2025","9.703","9.760","9.760","9.740","-0.38%"
"02/06/2025","9.740","9.850","9.850","9.845","-1.18%"
"02/05/2025","9.856","9.923","9.923","9.864","-1.00%"
"02/04/2025","9.956","9.973","9.973","9.950","0.00%"
"01/31/2025","9.956","10.090","10.090","10.090","-0.14%"
"01/30/2025","9.970","10.025","10.025","9.964","-0.70%"
"01/29/2025","10.040","10.040","10.040","10.024","1.31%"
"01/28/2025","9.910","10.127","10.127","10.004","-1.16%"
"01/27/2025","10.026","10.055","10.055","10.034","0.30%"
"01/24/2025","9.996","10.005","10.005","10.004","-0.04%"
"01/23/2025","10.000","10.075","10.075","9.984","-0.16%"
"01/22/2025","10.016","10.120","10.120","10.024","-1.28%"
"01/21/2025","10.146","10.255","10.255","10.154","-0.82%"
"01/20/2025","10.230","10.310","10.310","10.264","-1.12%"
"01/17/2025","10.346","10.330","10.354","10.330","1.21%"
"01/16/2025","10.222","10.288","10.294","10.270","-0.75%"
"01/15/2025","10.299","10.320","10.328","10.320","-0.88%"
"01/14/2025","10.390","10.410","10.432","10.410","0.23%"
"01/13/2025","10.366","10.368","10.377","10.368","0.97%"
"01/10/2025","10.266","10.340","10.340","10.274","0.62%"
"01/09/2025","10.203","10.238","10.247","10.238","-0.71%"
"01/08/2025","10.276","10.395","10.395","10.284","-0.19%"
"01/07/2025","10.296","10.304","10.304","10.304","-0.77%"
"01/06/2025","10.376","10.384","10.384","10.384","0.00%"
"01/03/2025","10.376","10.384","10.384","10.384","0.68%"
"01/02/2025","10.306","10.314","10.314","10.314","-1.06%"
"12/31/2024","10.416","10.477","10.507","10.424","-0.29%"
"12/30/2024","10.446","10.477","10.507","10.454","0.00%"
"12/27/2024","10.446","10.428","10.454","10.428","0.38%"
"12/26/2024","10.406","10.460","10.460","10.414","0.19%"
"12/24/2024","10.386","10.461","10.461","10.394","-0.38%"
"12/23/2024","10.426","10.507","10.507","10.434","0.58%"
"12/20/2024","10.366","10.270","10.374","10.270","0.78%"
"12/19/2024","10.286","10.325","10.325","10.294","0.98%"
"12/18/2024","10.186","10.157","10.194","10.157","0.30%"
"12/17/2024","10.156","10.187","10.187","10.104","0.95%"
"12/16/2024","10.060","10.140","10.140","10.120","-0.36%"
"12/13/2024","10.096","10.040","10.104","10.040","1.77%"
"12/11/2024","9.920","9.966","9.966","9.966","-0.36%"
"12/10/2024","9.956","10.017","10.017","9.964","-0.92%"
"12/09/2024","10.048","10.095","10.100","10.095","0.78%"
"12/06/2024","9.970","9.973","10.043","9.973","-0.46%"
"12/05/2024","10.016","10.010","10.026","10.010","0.50%"
"12/04/2024","9.966","10.045","10.045","9.994","0.30%"
"12/03/2024","9.936","9.956","9.956","9.944","0.16%"
"12/02/2024","9.920","9.975","9.975","9.968","0.24%"
"11/29/2024","9.896","9.910","9.910","9.900","0.37%"
"11/28/2024","9.860","10.007","10.007","9.943","-0.57%"
"11/27/2024","9.917","9.985","9.985","9.962","-1.09%"
"11/26/2024","10.026","10.042","10.042","10.034","1.01%"
"11/25/2024","9.926","9.907","9.943","9.907","-0.60%"
"11/22/2024","9.986","9.930","9.994","9.930","0.40%"
"11/21/2024","9.946","9.850","9.954","9.714","1.65%"
"11/20/2024","9.785","9.825","9.825","9.813","-0.25%"
"11/19/2024","9.810","9.880","9.880","9.852","-1.37%"
"11/15/2024","9.946","10.040","10.040","9.954","1.03%"
"11/14/2024","9.845","9.963","9.963","9.958","-1.51%"
"11/13/2024","9.996","10.063","10.063","10.040","-0.64%"
"11/12/2024","10.060","10.080","10.110","10.080","0.34%"
"11/11/2024","10.026","10.034","10.034","10.034","1.65%"
"11/08/2024","9.863","9.885","9.885","9.885","-0.66%"
"11/07/2024","9.929","9.963","9.963","9.963","-0.07%"
"11/06/2024","9.936","10.030","10.030","9.944","-0.40%"
"11/05/2024","9.976","9.984","9.984","9.984","-1.17%"
"11/04/2024","10.094","10.126","10.153","10.126","-0.75%"
"11/01/2024","10.170","10.070","10.210","10.040","1.60%"
"10/31/2024","10.010","10.070","10.070","10.040","0.10%"
"10/30/2024","10.000","10.035","10.040","10.035","-0.26%"
"10/29/2024","10.026","10.105","10.105","10.034","-0.79%"
"10/28/2024","10.106","10.140","10.140","9.714","0.20%"
"10/25/2024","10.086","10.100","10.100","10.094","0.50%"
"10/24/2024","10.036","10.028","10.044","10.028","-0.40%"
"10/23/2024","10.076","10.150","10.150","10.084","0.10%"
"10/22/2024","10.066","10.090","10.090","10.074","0.42%"
"10/21/2024","10.024","10.055","10.055","10.055","1.50%"
"10/18/2024","9.876","9.863","9.884","9.863","0.24%"
"10/17/2024","9.852","9.880","9.880","9.880","0.74%"
"10/16/2024","9.780","9.780","9.780","9.780","0.97%"
"10/15/2024","9.686","9.672","9.694","9.672","0.52%"
"10/14/2024","9.636","9.644","9.644","9.644","0.00%"
"10/11/2024","9.636","9.663","9.663","9.644","-0.72%"
"10/10/2024","9.706","9.690","9.714","9.690","1.15%"
"10/09/2024","9.596","9.593","9.604","9.593","0.75%"
"10/08/2024","9.525","9.560","9.560","9.560","-0.22%"
"10/07/2024","9.546","9.547","9.554","9.547","0.85%"
"10/04/2024","9.466","9.454","9.474","9.454","0.90%"
"10/03/2024","9.382","9.400","9.400","9.400","0.28%"
"10/02/2024","9.356","9.360","9.364","9.360","0.53%"
"09/30/2024","9.307","9.345","9.345","9.345","0.22%"
"09/27/2024","9.287","9.320","9.320","9.320","0.33%"
"09/26/2024","9.256","9.256","9.264","9.256","0.06%"
"09/25/2024","9.250","9.272","9.272","9.272","0.54%"
"09/24/2024","9.200","9.320","9.320","9.320","0.04%"
"09/23/2024","9.196","9.222","9.222","9.204","0.11%"
"09/20/2024","9.186","9.160","9.194","9.160","0.69%"
"09/19/2024","9.123","9.143","9.143","9.143","-0.14%"
"09/18/2024","9.136","9.225","9.225","9.144","-0.22%"
"09/17/2024","9.156","9.222","9.222","9.164","-0.87%"
"09/13/2024","9.236","9.440","9.440","9.244","-1.70%"
"09/12/2024","9.396","9.440","9.440","9.404","0.00%"
"09/11/2024","9.396","9.450","9.450","9.404","-1.05%"
"09/10/2024","9.496","9.482","9.504","9.482","0.91%"
"09/09/2024","9.410","9.435","9.435","9.435","-0.59%"
"09/06/2024","9.466","9.478","9.478","9.474","-0.32%"
"09/05/2024","9.496","9.578","9.578","9.504","-1.08%"
"09/04/2024","9.600","9.629","9.629","9.629","-0.79%"
"09/03/2024","9.676","9.723","9.723","9.684","0.82%"
"09/02/2024","9.597","9.723","9.723","9.723","-0.40%"
"08/30/2024","9.636","9.688","9.688","9.644","-0.35%"
"08/29/2024","9.670","9.707","9.707","9.707","0.52%"
"08/28/2024","9.620","9.680","9.680","9.680","-0.26%"
"08/27/2024","9.645","9.687","9.687","9.687","1.21%"
"08/26/2024","9.530","9.560","9.560","9.560","0.00%"
"08/23/2024","9.530","9.650","9.650","9.650","-1.27%"
"08/22/2024","9.653","9.680","9.680","9.680","1.86%"
"08/21/2024","9.477","9.573","9.573","9.573","0.18%"
"08/20/2024","9.460","9.533","9.533","9.533","0.91%"
"08/19/2024","9.375","9.403","9.403","9.403","-1.21%"
"08/16/2024","9.490","9.508","9.508","9.508","-0.11%"
"08/15/2024","9.500","9.515","9.515","9.515","1.35%"
"08/14/2024","9.373","9.490","9.490","9.490","-0.34%"
"08/13/2024","9.405","9.432","9.432","9.432","-0.27%"
"08/12/2024","9.430","9.453","9.453","9.453","0.59%"
"08/09/2024","9.375","9.395","9.395","9.395","-2.95%"
"08/08/2024","9.660","9.670","9.670","9.670","-0.07%"
"08/07/2024","9.667","9.698","9.698","9.698","-0.34%"
"08/06/2024","9.700","9.735","9.790","9.702","0.49%"
"08/05/2024","9.653","9.735","9.735","9.735","-3.75%"
"08/03/2024","10.029","10.029","10.029","10.029","4.25%"
"08/02/2024","9.620","9.645","9.645","9.645","-1.37%"
"08/01/2024","9.754","9.774","9.774","9.774","0.38%"
"07/31/2024","9.717","9.840","9.840","9.840","0.38%"
"07/30/2024","9.680","9.877","9.877","9.877","-1.37%"
"07/29/2024","9.814","9.890","9.890","9.890","-4.16%"
"07/27/2024","10.241","10.241","10.241","10.241","3.65%"
"07/26/2024","9.880","9.887","9.887","9.887","-0.70%"
"07/25/2024","9.950","9.975","9.975","9.975","0.45%"
"07/24/2024","9.905","10.000","10.000","10.000","-0.35%"
"07/23/2024","9.940","10.002","10.002","10.002","-0.15%"
"07/22/2024","9.955","9.976","9.976","9.976","-3.92%"
"07/20/2024","10.361","10.361","10.361","10.361","5.73%"
"07/19/2024","9.800","9.960","9.960","9.960","-0.71%"
"07/18/2024","9.870","9.880","9.880","9.880","2.07%"
"07/17/2024","9.670","9.730","9.730","9.730","-0.41%"
"07/16/2024","9.710","9.727","9.727","9.727","0.00%"
"07/15/2024","9.710","9.790","9.790","9.790","-3.88%"
"07/13/2024","10.102","10.102","10.102","10.102","4.11%"
"07/12/2024","9.703","9.733","9.733","9.733","-0.69%"
"07/11/2024","9.770","9.805","9.805","9.805","-1.21%"
"07/10/2024","9.890","9.920","9.920","9.920","-0.85%"
"07/09/2024","9.975","9.981","9.981","9.981","0.39%"
"07/08/2024","9.936","9.953","9.953","9.953","0.16%"
"07/05/2024","9.920","9.943","9.943","9.943","-0.20%"
"07/04/2024","9.940","9.947","9.983","9.937","0.29%"
"07/03/2024","9.911","9.947","9.947","9.947","-0.19%"
"07/02/2024","9.930","9.950","9.950","9.950","-0.07%"
"07/01/2024","9.937","9.960","9.960","9.960","-2.91%"
"06/29/2024","10.234","10.234","10.234","10.234","4.54%"
"06/28/2024","9.790","9.833","9.833","9.833","-0.39%"
"06/27/2024","9.828","10.022","10.022","10.022","-1.09%"
"06/26/2024","9.936","9.990","9.990","9.944","0.40%"
"06/25/2024","9.896","9.933","9.933","9.904","0.20%"
"06/24/2024","9.876","9.910","9.910","9.884","-4.48%"
"06/22/2024","10.339","10.339","10.339","10.339","3.64%"
"06/21/2024","9.976","9.950","9.984","9.950","0.81%"
"06/20/2024","9.896","10.063","10.063","9.904","-1.10%"
"06/19/2024","10.006","10.020","10.052","10.014","0.00%"
"06/18/2024","10.006","10.167","10.167","10.014","-2.06%"
"06/17/2024","10.216","10.227","10.227","10.212","-2.40%"
"06/15/2024","10.467","10.467","10.467","10.467","3.74%"
"06/14/2024","10.090","10.157","10.157","10.157","-0.06%"
"06/13/2024","10.096","10.150","10.155","10.104","-2.32%"
"06/12/2024","10.336","10.495","10.495","10.340","-0.58%"
"06/11/2024","10.396","10.270","10.404","10.240","1.96%"
"06/10/2024","10.196","10.200","10.230","10.200","-3.73%"
"06/08/2024","10.591","10.591","10.591","10.591","8.67%"
"06/06/2024","9.746","9.770","9.780","9.754","-0.51%"
"06/05/2024","9.796","9.873","9.873","9.804","-1.21%"
"06/04/2024","9.916","9.955","9.940","9.924","-0.10%"
"06/03/2024","9.926","9.902","9.934","9.902","-1.96%"
"06/01/2024","10.124","10.124","10.124","10.124","3.67%"
"05/31/2024","9.766","9.780","9.835","9.774","-0.41%"
"05/30/2024","9.806","9.807","9.814","9.807","-0.10%"
"05/29/2024","9.816","9.860","9.860","9.824","0.41%"
"05/28/2024","9.776","9.796","9.796","9.780","0.41%"
"05/27/2024","9.736","9.810","9.810","9.744","-3.60%"
"05/25/2024","10.100","10.100","10.100","10.100","3.85%"
"05/24/2024","9.726","9.796","9.796","9.734","-0.10%"
"05/23/2024","9.736","9.756","9.756","9.744","0.31%"
"05/22/2024","9.706","9.710","9.714","9.700","0.73%"
"05/21/2024","9.636","9.672","9.672","9.644","-0.41%"
"05/20/2024","9.676","9.720","9.720","9.684","-3.61%"
"05/18/2024","10.038","10.038","10.038","10.038","3.85%"
"05/17/2024","9.666","9.657","9.674","9.657","0.31%"
"05/16/2024","9.636","9.675","9.675","9.644","0.31%"
"05/15/2024","9.606","9.633","9.633","9.613","-0.93%"
"05/14/2024","9.696","9.727","9.727","9.704","-0.31%"
"05/13/2024","9.726","9.701","9.744","9.701","-3.77%"
"05/11/2024","10.108","10.108","10.108","10.108","3.82%"
"05/10/2024","9.736","9.760","9.760","9.744","1.14%"
"05/09/2024","9.626","9.623","9.634","9.565","0.00%"
"05/08/2024","9.626","9.613","9.634","9.613","0.21%"
"05/07/2024","9.606","9.553","9.614","9.553","0.31%"
"05/06/2024","9.576","9.624","9.624","9.584","-3.50%"
"05/04/2024","9.923","9.923","9.923","9.923","3.84%"
"05/03/2024","9.556","9.674","9.686","9.564","-1.75%"
"05/02/2024","9.726","9.817","9.817","9.734","-5.92%"
"05/01/2024","10.338","10.338","10.338","10.338","3.94%"
"04/30/2024","9.946","9.967","9.967","9.951","-0.40%"
"04/29/2024","9.986","9.998","9.998","9.978","-3.58%"
"04/27/2024","10.357","10.357","10.357","10.357","4.24%"
"04/26/2024","9.936","10.032","10.032","9.944","0.00%"
"04/25/2024","9.936","9.974","9.990","9.944","0.03%"
"04/24/2024","9.933","9.970","9.970","9.950","0.68%"
"04/23/2024","9.866","9.880","9.897","9.874","-0.20%"
"04/22/2024","9.886","9.888","9.894","9.888","-3.13%"
"04/20/2024","10.205","10.205","10.205","10.205","2.61%"
"04/19/2024","9.946","9.909","10.015","9.909","-0.50%"
"04/18/2024","9.996","10.005","10.023","10.004","0.81%"
"04/17/2024","9.916","10.033","10.033","9.924","-1.49%"
"04/16/2024","10.066","10.117","10.117","10.074","1.21%"
"04/15/2024","9.946","9.967","9.973","9.954","-2.49%"
"04/13/2024","10.200","10.200","10.200","10.200","4.34%"
"04/12/2024","9.776","9.850","9.850","9.784","-0.20%"
"04/11/2024","9.796","9.927","9.927","9.804","-0.51%"
"04/10/2024","9.846","9.800","9.854","9.800","2.61%"
"04/09/2024","9.596","9.587","9.604","9.587","0.31%"
"04/08/2024","9.566","9.670","9.690","9.574","-4.08%"
"04/06/2024","9.972","9.972","9.972","9.972","4.25%"
"04/05/2024","9.566","9.578","9.607","9.574","1.27%"
"04/04/2024","9.446","9.540","9.540","9.454","0.00%"
"04/03/2024","9.446","9.498","9.498","9.454","0.21%"
"04/02/2024","9.426","9.440","9.450","9.434","0.75%"
"04/01/2024","9.356","9.395","9.395","9.364","-2.64%"
"03/28/2024","9.610","9.610","9.610","9.610","3.82%"
"03/27/2024","9.256","9.340","9.340","9.264","-0.22%"
"03/26/2024","9.276","9.408","9.408","9.284","-0.43%"
"03/25/2024","9.316","9.316","9.324","9.316","-2.49%"
"03/23/2024","9.554","9.554","9.554","9.554","3.89%"
"03/22/2024","9.196","9.200","9.217","9.200","0.55%"
"03/21/2024","9.146","9.170","9.220","9.154","-1.19%"
"03/20/2024","9.256","9.324","9.328","9.264","-0.22%"
"03/19/2024","9.276","9.297","9.297","9.284","-3.71%"
"03/16/2024","9.634","9.634","9.634","9.634","3.97%"
"03/15/2024","9.266","9.296","9.307","9.274","0.65%"
"03/14/2024","9.206","9.222","9.222","9.208","0.77%"
"03/13/2024","9.136","9.210","9.210","9.144","-0.33%"
"03/12/2024","9.166","9.220","9.225","9.174","0.22%"
"03/11/2024","9.146","9.244","9.244","9.154","-3.61%"
"03/09/2024","9.489","9.489","9.489","9.489","4.16%"
"03/08/2024","9.110","9.137","9.153","9.137","-0.18%"
"03/07/2024","9.126","9.155","9.160","9.134","0.00%"
"03/06/2024","9.126","9.150","9.150","9.134","-0.76%"
"03/05/2024","9.196","9.191","9.207","9.191","-0.22%"
"03/04/2024","9.216","9.270","9.270","9.224","-3.17%"
"03/02/2024","9.518","9.518","9.518","9.518","4.07%"
"03/01/2024","9.146","9.165","9.185","9.154","-0.11%"
"02/29/2024","9.156","9.170","9.200","9.164","-0.43%"
"02/28/2024","9.196","9.300","9.302","9.204","-0.54%"
"02/27/2024","9.246","9.298","9.306","9.254","0.76%"
"02/26/2024","9.176","9.240","9.250","9.184","-3.74%"
"02/24/2024","9.533","9.533","9.533","9.533","3.89%"
"02/23/2024","9.176","9.218","9.218","9.184","-0.43%"
"02/22/2024","9.216","9.193","9.225","9.193","0.00%"
"02/21/2024","9.216","9.287","9.328","9.287","-0.75%"
"02/20/2024","9.286","9.290","9.300","9.290","-0.21%"
"02/19/2024","9.306","9.368","9.368","9.314","-3.48%"
"02/17/2024","9.642","9.642","9.642","9.642","3.61%"
"02/16/2024","9.306","9.350","9.350","9.314","0.98%"
"02/15/2024","9.216","9.287","9.290","9.224","-0.32%"
"02/14/2024","9.246","9.254","9.254","9.254","-0.86%"
"02/13/2024","9.326","9.330","9.334","9.330","1.97%"
"02/12/2024","9.146","9.230","9.230","9.154","-3.75%"
"02/10/2024","9.502","9.502","9.502","9.502","3.78%"
"02/09/2024","9.156","9.217","9.217","9.164","-0.65%"
"02/08/2024","9.216","9.290","9.290","9.224","-0.54%"
"02/07/2024","9.266","9.322","9.322","9.274","0.00%"
"02/06/2024","9.266","9.262","9.293","9.262","-3.24%"
"02/03/2024","9.576","9.576","9.576","9.576","3.68%"
"02/02/2024","9.236","9.280","9.280","9.244","2.21%"
"02/01/2024","9.036","9.040","9.050","9.040","-1.42%"
"01/31/2024","9.166","9.215","9.215","9.174","-1.19%"
"01/30/2024","9.276","9.300","9.300","9.284","0.32%"
"01/29/2024","9.246","9.290","9.290","9.254","-3.74%"
"01/27/2024","9.606","9.606","9.606","9.606","3.89%"
"01/26/2024","9.246","9.285","9.285","9.254","0.00%"
"01/25/2024","9.246","9.260","9.270","9.254","0.76%"
"01/24/2024","9.176","9.210","9.223","9.184","-0.59%"
"01/23/2024","9.230","9.295","9.295","9.290","0.60%"
"01/22/2024","9.175","9.207","9.207","9.200","-4.24%"
"01/20/2024","9.581","9.581","9.581","9.581","3.92%"
"01/19/2024","9.220","9.250","9.250","9.250","0.41%"
"01/18/2024","9.182","9.170","9.220","9.170","0.82%"
"01/17/2024","9.107","9.167","9.167","9.167","1.00%"
"01/16/2024","9.017","9.003","9.060","9.003","1.39%"
"01/15/2024","8.893","8.977","8.983","8.977","-3.89%"
"01/13/2024","9.253","9.253","9.253","9.253","3.43%"
"01/12/2024","8.946","8.993","8.993","8.954","-1.43%"
"01/11/2024","9.076","9.095","9.113","9.084","-0.44%"
"01/10/2024","9.116","9.140","9.140","9.124","-0.33%"
"01/09/2024","9.146","9.130","9.154","9.130","0.55%"
"01/08/2024","9.096","9.110","9.110","9.103","-0.55%"
"01/05/2024","9.146","9.154","9.154","9.154","0.01%"
"01/04/2024","9.145","9.180","9.180","9.180","0.98%"
"01/03/2024","9.056","9.115","9.115","9.064","0.44%"
"01/02/2024","9.016","9.080","9.080","9.024","-2.93%"
"12/30/2023","9.288","9.288","9.288","9.288","4.78%"
"12/29/2023","8.865","9.040","9.040","9.015","-1.06%"
"12/28/2023","8.960","9.057","9.075","9.057","-0.51%"
"12/27/2023","9.006","9.065","9.065","9.014","-1.21%"
"12/26/2023","9.116","9.170","9.170","9.124","-3.55%"
"12/23/2023","9.452","9.452","9.452","9.452","4.13%"
"12/22/2023","9.077","9.210","9.210","9.170","-0.21%"
"12/21/2023","9.096","9.110","9.140","9.104","0.33%"
"12/20/2023","9.066","9.093","9.093","9.074","-0.77%"
"12/19/2023","9.136","9.203","9.220","9.144","0.99%"
"12/18/2023","9.046","9.157","9.183","9.054","-3.54%"
"12/16/2023","9.377","9.377","9.377","9.377","3.78%"
"12/15/2023","9.036","9.057","9.057","9.044","0.89%"
"12/14/2023","8.956","8.995","8.995","8.960","-1.54%"
"12/13/2023","9.096","9.383","9.410","9.104","-6.33%"
"12/12/2023","9.710","9.710","9.710","9.710","3.90%"
"12/11/2023","9.346","9.383","9.410","9.354","-2.67%"
"12/09/2023","9.602","9.602","9.602","9.602","3.96%"
"12/08/2023","9.236","9.252","9.280","9.244","1.09%"
"12/07/2023","9.136","9.193","9.193","9.144","-0.65%"
"12/06/2023","9.196","9.220","9.220","9.183","-0.65%"
"12/05/2023","9.256","9.340","9.340","9.264","-1.07%"
"12/04/2023","9.356","9.333","9.364","9.333","-2.47%"
"12/02/2023","9.593","9.593","9.593","9.593","3.64%"
"12/01/2023","9.256","9.353","9.353","9.264","-1.28%"
"11/30/2023","9.376","9.397","9.397","9.384","1.41%"
"11/29/2023","9.246","9.300","9.300","9.247","-1.07%"
"11/28/2023","9.346","9.470","9.470","9.354","-1.79%"
"11/27/2023","9.516","9.575","9.575","9.524","-4.72%"
"11/25/2023","9.988","9.988","9.988","9.988","4.62%"
"11/24/2023","9.546","9.640","9.677","9.554","0.52%"
"11/23/2023","9.497","9.605","9.605","9.592","-0.51%"
"11/22/2023","9.546","9.540","9.554","9.540","0.42%"
"11/21/2023","9.506","9.565","9.565","9.514","-2.78%"
"11/18/2023","9.778","9.778","9.778","9.778","3.95%"
"11/17/2023","9.406","9.417","9.417","9.414","0.53%"
"11/16/2023","9.356","9.395","9.410","9.364","-0.95%"
"11/15/2023","9.446","9.488","9.488","9.454","0.21%"
"11/14/2023","9.426","9.540","9.560","9.434","-2.18%"
"11/13/2023","9.636","9.653","9.663","9.644","-3.47%"
"11/11/2023","9.982","9.982","9.982","9.982","3.70%"
"11/10/2023","9.626","9.650","9.650","9.634","-0.21%"
"11/09/2023","9.646","9.760","9.777","9.654","-0.10%"
"11/08/2023","9.656","9.717","9.720","9.664","-1.73%"
"11/07/2023","9.826","9.777","9.834","9.777","0.41%"
"11/06/2023","9.786","9.850","9.850","9.794","-3.73%"
"11/04/2023","10.165","10.165","10.165","10.165","3.87%"
"11/03/2023","9.786","9.893","9.893","9.794","-6.91%"
"11/02/2023","10.512","10.512","10.512","10.512","3.92%"
"11/01/2023","10.116","10.185","10.203","10.124","-0.88%"
"10/31/2023","10.206","10.237","10.238","10.214","-0.39%"
"10/30/2023","10.246","10.250","10.267","10.250","-2.66%"
"10/28/2023","10.526","10.526","10.526","10.526","3.95%"
"10/27/2023","10.126","10.155","10.155","10.134","0.20%"
"10/26/2023","10.106","10.114","10.114","10.114","-1.37%"
"10/25/2023","10.246","10.243","10.254","10.243","1.89%"
"10/24/2023","10.056","10.050","10.064","10.050","0.80%"
"10/23/2023","9.976","10.005","10.005","9.984","-4.21%"
"10/21/2023","10.414","10.414","10.414","10.414","4.08%"
"10/20/2023","10.006","10.047","10.047","10.014","-0.50%"
"10/19/2023","10.056","10.055","10.064","10.055","-0.10%"
"10/18/2023","10.066","10.074","10.074","10.074","1.00%"
"10/17/2023","9.966","9.974","9.974","9.974","0.81%"
"10/16/2023","9.886","9.937","9.937","9.894","-3.32%"
"10/14/2023","10.226","10.226","10.226","10.226","3.96%"
"10/13/2023","9.836","9.885","9.885","9.844","-0.30%"
"10/12/2023","9.866","9.890","9.890","9.874","1.02%"
"10/11/2023","9.766","9.785","9.785","9.774","0.10%"
"10/10/2023","9.756","9.764","9.764","9.764","-0.81%"
"10/09/2023","9.836","9.915","9.915","9.844","-4.33%"
"10/07/2023","10.281","10.281","10.281","10.281","4.00%"
"10/06/2023","9.886","9.973","9.973","9.894","-0.70%"
"10/05/2023","9.956","9.970","9.970","9.964","0.71%"
"10/04/2023","9.886","9.960","9.960","9.894","-5.10%"
"10/03/2023","10.417","10.417","10.417","10.417","4.53%"
"10/02/2023","9.966","10.023","10.023","9.974","-3.33%"
"09/30/2023","10.309","10.309","10.309","10.309","3.96%"
"09/29/2023","9.916","9.933","9.933","9.924","-0.40%"
"09/28/2023","9.956","10.037","10.037","9.964","-1.97%"
"09/27/2023","10.156","10.175","10.175","10.164","2.59%"
"09/26/2023","9.900","9.993","9.993","9.993","-0.06%"
"09/25/2023","9.906","9.914","9.914","9.914","-2.76%"
"09/23/2023","10.188","10.188","10.188","10.188","4.00%"
"09/22/2023","9.796","9.800","9.804","9.800","0.10%"
"09/21/2023","9.786","9.803","9.803","9.794","1.04%"
"09/20/2023","9.685","9.740","9.740","9.740","-0.42%"
"09/19/2023","9.726","9.730","9.734","9.730","1.04%"
"09/18/2023","9.626","9.650","9.650","9.634","-3.16%"
"09/16/2023","9.940","9.940","9.940","9.940","3.37%"
"09/15/2023","9.616","9.644","9.644","9.624","0.10%"
"09/14/2023","9.606","9.650","9.650","9.614","0.10%"
"09/13/2023","9.596","9.623","9.623","9.604","-1.44%"
"09/12/2023","9.736","9.810","9.810","9.744","-0.51%"
"09/11/2023","9.786","9.795","9.795","9.794","-1.78%"
"09/09/2023","9.964","9.964","9.964","9.964","4.41%"
"09/08/2023","9.543","9.623","9.623","9.623","-0.02%"
"09/07/2023","9.545","9.570","9.570","9.570","-0.32%"
"09/06/2023","9.576","9.547","9.584","9.547","0.95%"
"09/05/2023","9.486","9.523","9.523","9.494","0.85%"
"09/04/2023","9.406","9.462","9.462","9.414","-3.40%"
"09/02/2023","9.737","9.737","9.737","9.737","3.63%"
"09/01/2023","9.396","9.455","9.455","9.404","0.64%"
"08/31/2023","9.336","9.370","9.370","9.344","-0.21%"
"08/30/2023","9.356","9.352","9.376","9.352","0.65%"
"08/29/2023","9.296","9.260","9.304","9.260","-0.15%"
"08/28/2023","9.310","9.350","9.350","9.330","-3.64%"
"08/26/2023","9.662","9.662","9.662","9.662","3.83%"
"08/25/2023","9.306","9.350","9.350","9.314","0.11%"
"08/24/2023","9.296","9.293","9.304","9.293","0.32%"
"08/23/2023","9.266","9.307","9.307","9.274","-2.11%"
"08/22/2023","9.466","9.500","9.500","9.474","-0.21%"
"08/21/2023","9.486","9.520","9.520","9.494","-2.41%"
"08/19/2023","9.720","9.720","9.720","9.720","3.56%"
"08/18/2023","9.386","9.360","9.394","9.360","0.86%"
"08/17/2023","9.306","9.313","9.314","9.313","0.98%"
"08/16/2023","9.216","9.205","9.224","9.205","0.66%"
"08/15/2023","9.156","9.170","9.170","9.164","-0.22%"
"08/14/2023","9.176","9.160","9.184","9.160","-2.44%"
"08/12/2023","9.406","9.406","9.406","9.406","3.63%"
"08/11/2023","9.076","9.097","9.097","9.084","0.89%"
"08/10/2023","8.996","8.990","9.004","8.990","0.11%"
"08/09/2023","8.986","9.030","9.030","8.994","-1.10%"
"08/08/2023","9.086","9.135","9.135","9.094","-0.22%"
"08/07/2023","9.106","9.118","9.118","9.114","-2.51%"
"08/05/2023","9.340","9.340","9.340","9.340","3.59%"
"08/04/2023","9.016","9.017","9.024","9.017","0.11%"
"08/03/2023","9.006","9.015","9.015","9.014","0.67%"
"08/02/2023","8.946","8.932","8.954","8.932","0.90%"
"08/01/2023","8.866","8.900","8.900","8.874","0.57%"
"07/31/2023","8.816","8.880","8.880","8.824","-4.07%"
"07/29/2023","9.190","9.190","9.190","9.190","3.72%"
"07/28/2023","8.860","8.925","8.925","8.880","0.10%"
"07/27/2023","8.851","8.863","8.863","8.859","0.40%"
"07/26/2023","8.816","8.898","8.898","8.824","-0.34%"
"07/25/2023","8.846","8.880","8.880","8.854","0.23%"
"07/24/2023","8.826","8.842","8.842","8.834","-3.07%"
"07/22/2023","9.106","9.106","9.106","9.106","3.64%"
"07/21/2023","8.786","8.800","8.800","8.794","-0.45%"
"07/20/2023","8.826","8.834","8.834","8.834","1.15%"
"07/19/2023","8.726","8.743","8.743","8.734","0.58%"
"07/18/2023","8.676","8.687","8.687","8.684","-0.23%"
"07/17/2023","8.696","8.727","8.727","8.704","-3.90%"
"07/15/2023","9.049","9.049","9.049","9.049","3.58%"
"07/14/2023","8.736","8.760","8.760","8.744","0.46%"
"07/13/2023","8.696","8.685","8.704","8.685","-0.57%"
"07/12/2023","8.746","8.834","8.834","8.754","-2.24%"
"07/11/2023","8.946","8.964","8.964","8.954","0.00%"
"07/10/2023","8.946","8.945","8.954","8.945","-3.30%"
"07/08/2023","9.251","9.251","9.251","9.251","3.76%"
"07/07/2023","8.916","8.924","8.924","8.924","0.75%"
"07/06/2023","8.850","8.905","8.905","8.905","1.07%"
"07/05/2023","8.756","8.728","8.764","8.728","0.34%"
"07/04/2023","8.726","8.730","8.734","8.730","0.46%"
"07/03/2023","8.686","8.720","8.720","8.694","-3.30%"
"07/01/2023","8.982","8.982","8.982","8.982","3.65%"
"06/30/2023","8.666","8.704","8.704","8.674","-0.34%"
"06/29/2023","8.696","8.693","8.704","8.693","1.52%"
"06/28/2023","8.566","8.610","8.610","8.574","-0.12%"
"06/27/2023","8.576","8.580","8.584","8.580","0.47%"
"06/26/2023","8.536","8.544","8.544","8.544","-3.77%"
"06/24/2023","8.870","8.870","8.870","8.870","3.55%"
"06/23/2023","8.566","8.627","8.627","8.574","-1.15%"
"06/22/2023","8.666","8.710","8.710","8.674","-0.80%"
"06/21/2023","8.736","8.805","8.805","8.744","-0.23%"
"06/20/2023","8.756","8.792","8.792","8.764","-0.34%"
"06/19/2023","8.786","8.823","8.860","8.794","-3.35%"
"06/17/2023","9.091","9.091","9.091","9.091","3.87%"
"06/16/2023","8.752","8.823","8.823","8.823","-0.27%"
"06/15/2023","8.776","8.844","8.844","8.784","-0.57%"
"06/14/2023","8.826","8.852","8.852","8.834","-0.23%"
"06/13/2023","8.846","8.850","8.854","8.850","0.00%"
"06/12/2023","8.846","8.873","8.873","8.854","-3.64%"
"06/10/2023","9.181","9.181","9.181","9.181","3.55%"
"06/09/2023","8.866","8.862","8.874","8.862","0.57%"
"06/08/2023","8.816","8.825","8.840","8.824","-0.68%"
"06/07/2023","8.876","8.920","8.920","8.884","0.79%"
"06/06/2023","8.806","8.908","8.908","8.814","-0.45%"
"06/05/2023","8.846","8.892","8.892","8.854","-3.62%"
"06/03/2023","9.179","9.179","9.179","9.179","3.52%"
"06/02/2023","8.866","8.903","8.903","8.874","0.80%"
"06/01/2023","8.796","8.823","8.833","8.804","0.11%"
"05/31/2023","8.786","8.853","8.853","8.794","-0.33%"
"05/30/2023","8.815","8.910","8.910","8.825","-0.68%"
"05/29/2023","8.875","8.948","8.948","8.885","-4.07%"
"05/27/2023","9.252","9.252","9.252","9.252","3.55%"
"05/26/2023","8.935","9.043","9.043","8.945","-0.45%"
"05/25/2023","8.975","8.994","9.005","8.985","0.67%"
"05/24/2023","8.915","8.954","8.954","8.925","0.22%"
"05/23/2023","8.895","8.954","8.954","8.905","0.68%"
"05/22/2023","8.835","8.858","8.858","8.845","-3.16%"
"05/20/2023","9.123","9.123","9.123","9.123","3.74%"
"05/19/2023","8.795","8.813","8.813","8.805","0.57%"
"05/18/2023","8.745","8.792","8.792","8.755","0.40%"
"05/17/2023","8.710","8.778","8.778","8.730","-0.11%"
"05/16/2023","8.720","8.752","8.752","8.740","0.11%"
"05/15/2023","8.710","8.770","8.770","8.730","-3.93%"
"05/13/2023","9.066","9.066","9.066","9.066","3.73%"
"05/12/2023","8.740","8.760","8.760","8.760","0.34%"
"05/11/2023","8.710","8.733","8.733","8.730","0.00%"
"05/10/2023","8.710","8.710","8.730","8.710","-0.46%"
"05/09/2023","8.750","8.796","8.796","8.770","-0.47%"
"05/08/2023","8.791","8.809","8.809","8.809","-3.17%"
"05/06/2023","9.078","9.078","9.078","9.078","3.86%"
"05/05/2023","8.741","8.757","8.759","8.757","0.11%"
"05/04/2023","8.731","8.720","8.749","8.720","-0.34%"
"05/03/2023","8.761","8.755","8.779","8.755","-0.11%"
"05/02/2023","8.771","8.823","8.823","8.789","0.11%"
"04/28/2023","8.761","8.792","8.792","8.779","-0.34%"
"04/27/2023","8.791","8.833","8.833","8.804","0.34%"
"04/26/2023","8.761","8.890","8.890","8.779","-0.68%"
"04/25/2023","8.821","8.868","8.868","8.839","-0.56%"
"04/24/2023","8.871","8.873","8.889","8.871","-4.10%"
"04/22/2023","9.250","9.250","9.250","9.250","3.81%"
"04/21/2023","8.911","8.960","8.960","8.929","0.00%"
"04/20/2023","8.911","8.929","8.929","8.929","-0.45%"
"04/19/2023","8.951","8.958","8.969","8.950","0.67%"
"04/18/2023","8.891","8.923","8.923","8.909","-0.34%"
"04/17/2023","8.921","8.953","8.953","8.939","-2.94%"
"04/15/2023","9.191","9.191","9.191","9.191","3.84%"
"04/14/2023","8.851","8.908","8.908","8.869","0.45%"
"04/13/2023","8.811","8.800","8.829","8.800","0.57%"
"04/12/2023","8.761","8.805","8.805","8.779","0.00%"
"04/11/2023","8.761","8.823","8.823","8.779","-0.57%"
"04/10/2023","8.811","8.854","8.854","8.829","-3.73%"
"04/06/2023","9.152","9.152","9.152","9.152","3.63%"
"04/05/2023","8.831","8.820","8.850","8.820","0.34%"
"04/04/2023","8.801","8.863","8.863","8.819","-0.68%"
"04/03/2023","8.861","8.920","8.920","8.879","-3.09%"
"04/01/2023","9.144","9.144","9.144","9.144","3.77%"
"03/31/2023","8.811","8.850","8.850","8.815","-0.11%"
"03/30/2023","8.821","8.940","8.940","8.839","-1.01%"
"03/29/2023","8.911","9.008","9.017","8.929","-0.56%"
"03/28/2023","8.961","9.000","9.000","8.979","0.00%"
"03/27/2023","8.961","8.983","8.983","8.979","-2.54%"
"03/25/2023","9.194","9.194","9.194","9.194","3.76%"
"03/24/2023","8.861","8.870","8.879","8.870","-0.45%"
"03/23/2023","8.901","9.027","9.027","8.919","-1.00%"
"03/22/2023","8.991","9.009","9.009","9.009","-1.75%"
"03/21/2023","9.151","9.130","9.169","9.130","-2.50%"
"03/18/2023","9.385","9.385","9.385","9.385","3.93%"
"03/17/2023","9.031","9.100","9.100","9.049","-0.99%"
"03/16/2023","9.121","9.175","9.175","9.139","1.11%"
"03/15/2023","9.021","9.027","9.045","9.027","-0.55%"
"03/14/2023","9.071","9.193","9.193","9.089","0.79%"
"03/13/2023","9.000","9.050","9.200","9.050","-0.12%"
"03/10/2023","9.011","9.080","9.080","9.005","-0.99%"
"03/09/2023","9.101","9.230","9.230","9.119","-2.78%"
"03/08/2023","9.361","9.375","9.390","9.375","0.11%"
"03/07/2023","9.351","9.357","9.369","9.357","0.97%"
"03/06/2023","9.261","9.302","9.302","9.279","-3.85%"
"03/04/2023","9.632","9.632","9.632","9.632","4.01%"
"03/03/2023","9.261","9.334","9.334","9.279","-0.86%"
"03/02/2023","9.341","9.396","9.410","9.359","0.43%"
"03/01/2023","9.301","9.377","9.377","9.319","0.22%"
"02/28/2023","9.281","9.333","9.333","9.299","0.32%"
"02/27/2023","9.251","9.292","9.292","9.269","-4.02%"
"02/25/2023","9.639","9.639","9.639","9.639","3.85%"
"02/24/2023","9.281","9.355","9.355","9.299","0.22%"
"02/23/2023","9.261","9.335","9.335","9.279","-1.17%"
"02/22/2023","9.371","9.390","9.390","9.389","-0.64%"
"02/21/2023","9.431","9.400","9.449","9.400","2.84%"
"02/20/2023","9.171","9.163","9.189","9.163","-2.50%"
"02/18/2023","9.406","9.406","9.406","9.406","3.81%"
"02/17/2023","9.061","9.052","9.079","9.052","0.67%"
"02/16/2023","9.001","9.040","9.052","9.019","0.22%"
"02/15/2023","8.981","9.030","9.030","8.999","-0.11%"
"02/14/2023","8.991","9.040","9.040","9.009","1.24%"
"02/13/2023","8.881","8.937","8.937","8.899","-3.23%"
"02/11/2023","9.177","9.177","9.177","9.177","3.57%"
"02/10/2023","8.861","8.850","8.879","8.850","0.57%"
"02/09/2023","8.811","8.723","8.829","8.660","1.50%"
"02/08/2023","8.681","8.703","8.703","8.699","0.35%"
"02/07/2023","8.651","8.669","8.669","8.669","-2.26%"
"02/04/2023","8.851","8.851","8.851","8.851","3.52%"
"02/03/2023","8.550","8.587","8.587","8.570","0.94%"
"02/02/2023","8.470","8.503","8.520","8.490","-0.94%"
"02/01/2023","8.550","8.645","8.645","8.570","-1.16%"
"01/31/2023","8.650","8.720","8.720","8.670","-0.57%"
"01/30/2023","8.700","8.773","8.773","8.720","-3.25%"
"01/28/2023","8.992","8.992","8.992","8.992","3.59%"
"01/27/2023","8.680","8.735","8.735","8.700","0.93%"
"01/26/2023","8.600","8.698","8.698","8.620","0.00%"
"01/25/2023","8.600","8.620","8.620","8.620","0.00%"
"01/24/2023","8.600","8.660","8.703","8.620","0.12%"
"01/23/2023","8.590","8.583","8.610","8.583","-3.22%"
"01/21/2023","8.876","8.876","8.876","8.876","3.81%"
"01/20/2023","8.550","8.585","8.614","8.570","0.12%"
"01/19/2023","8.540","8.604","8.604","8.560","0.23%"
"01/18/2023","8.520","8.575","8.575","8.540","-0.81%"
"01/17/2023","8.590","8.533","8.610","8.533","1.18%"
"01/16/2023","8.490","8.540","8.540","8.510","0.47%"
"01/13/2023","8.450","8.465","8.470","8.445","0.00%"
"01/12/2023","8.450","8.535","8.535","8.470","-0.88%"
"01/11/2023","8.525","8.585","8.585","8.545","-0.64%"
"01/10/2023","8.580","8.677","8.677","8.600","0.70%"
"01/09/2023","8.520","8.526","8.540","8.520","-3.93%"
"01/07/2023","8.868","8.868","8.868","8.868","4.09%"
"01/06/2023","8.520","8.670","8.670","8.540","-3.07%"
"01/05/2023","8.790","8.792","8.810","8.792","-0.68%"
"01/04/2023","8.850","8.904","8.904","8.870","-1.12%"
"01/03/2023","8.950","8.943","8.970","8.943","-0.56%"
"01/02/2023","9.000","9.078","9.084","9.020","-3.71%"
"12/31/2022","9.347","9.347","9.347","9.347","3.62%"
"12/30/2022","9.020","9.100","9.100","9.040","0.33%"
"12/29/2022","8.990","9.010","9.010","9.010","0.22%"
"12/28/2022","8.970","8.992","8.994","8.990","0.22%"
"12/27/2022","8.950","9.005","9.005","8.970","0.67%"
"12/26/2022","8.890","8.910","8.910","8.910","-3.36%"
"12/24/2022","9.199","9.199","9.199","9.199","3.71%"
"12/23/2022","8.870","8.940","8.940","8.890","0.57%"
"12/22/2022","8.820","8.825","8.840","8.825","0.11%"
"12/21/2022","8.810","8.853","8.853","8.830","-0.45%"
"12/20/2022","8.850","8.880","8.896","8.870","0.91%"
"12/19/2022","8.770","8.823","8.828","8.790","-3.16%"
"12/17/2022","9.057","9.057","9.057","9.057","3.50%"
"12/16/2022","8.750","8.830","8.830","8.770","-0.11%"
"12/15/2022","8.760","8.832","8.832","8.780","-0.11%"
"12/14/2022","8.770","8.765","8.790","8.760","0.11%"
"12/13/2022","8.760","8.775","8.840","8.775","-5.53%"
"12/10/2022","9.273","9.273","9.273","9.273","4.02%"
"12/09/2022","8.915","8.960","8.995","8.960","-0.50%"
"12/08/2022","8.960","8.932","8.980","8.932","0.11%"
"12/07/2022","8.950","9.017","9.017","8.970","-1.54%"
"12/06/2022","9.090","9.086","9.110","9.086","0.22%"
"12/05/2022","9.070","9.010","9.090","9.007","-2.05%"
"12/03/2022","9.260","9.260","9.260","9.260","4.40%"
"12/02/2022","8.870","9.005","9.005","8.950","-1.55%"
"12/01/2022","9.010","9.045","9.045","9.030","-1.96%"
"11/30/2022","9.190","9.337","9.340","9.210","-0.76%"
"11/29/2022","9.260","9.248","9.280","9.248","0.76%"
"11/28/2022","9.190","9.180","9.210","9.180","-2.75%"
"11/26/2022","9.450","9.450","9.450","9.450","3.73%"
"11/25/2022","9.110","9.139","9.139","9.130","0.44%"
"11/24/2022","9.070","9.158","9.158","9.090","-0.55%"
"11/23/2022","9.120","9.135","9.145","9.135","-0.11%"
"11/22/2022","9.130","9.198","9.198","9.150","-0.81%"
"11/18/2022","9.205","9.260","9.285","9.253","-0.27%"
"11/17/2022","9.230","9.247","9.250","9.243","1.54%"
"11/16/2022","9.090","9.120","9.120","9.108","-0.55%"
"11/15/2022","9.140","9.210","9.210","9.160","-0.65%"
"11/14/2022","9.200","9.217","9.220","9.217","-3.43%"
"11/12/2022","9.527","9.527","9.527","9.527","3.89%"
"11/11/2022","9.170","9.190","9.190","9.190","-0.86%"
"11/10/2022","9.250","9.270","9.270","9.270","-3.55%"
"11/09/2022","9.590","9.663","9.663","9.610","-1.44%"
"11/08/2022","9.730","9.776","9.776","9.750","-0.82%"
"11/07/2022","9.810","9.818","9.830","9.818","-3.63%"
"11/05/2022","10.179","10.179","10.179","10.179","3.97%"
"11/04/2022","9.790","9.835","9.835","9.810","-0.51%"
"11/03/2022","9.840","9.900","9.900","9.860","-3.45%"
"11/02/2022","10.191","10.191","10.191","10.191","3.99%"
"11/01/2022","9.800","9.840","9.840","9.820","-0.41%"
"10/31/2022","9.840","9.850","9.860","9.835","-2.66%"
"10/29/2022","10.109","10.109","10.109","10.109","3.90%"
"10/28/2022","9.730","9.725","9.763","9.720","0.31%"
"10/27/2022","9.700","9.725","9.725","9.720","-0.61%"
"10/26/2022","9.760","9.801","9.801","9.780","-0.81%"
"10/25/2022","9.840","9.875","9.875","9.860","-0.91%"
"10/24/2022","9.930","9.952","9.952","9.943","-3.77%"
"10/22/2022","10.318","10.318","10.318","10.318","4.12%"
"10/21/2022","9.910","9.975","9.975","9.930","-0.20%"
"10/20/2022","9.930","9.930","9.950","9.930","0.51%"
"10/19/2022","9.880","9.910","9.930","9.900","0.51%"
"10/18/2022","9.830","9.844","9.850","9.844","0.20%"
"10/17/2022","9.810","9.837","9.837","9.830","-4.17%"
"10/15/2022","10.237","10.237","10.237","10.237","3.93%"
"10/14/2022","9.850","9.810","9.870","9.810","0.51%"
"10/13/2022","9.800","9.878","9.878","9.820","0.51%"
"10/12/2022","9.750","9.813","9.813","9.770","0.00%"
"10/11/2022","9.750","9.778","9.790","9.770","0.05%"
"10/10/2022","9.745","9.773","9.773","9.765","0.98%"
"10/07/2022","9.650","9.720","9.720","9.670","0.63%"
"10/06/2022","9.590","9.682","9.682","9.610","0.00%"
"10/05/2022","9.590","9.608","9.610","9.588","0.84%"
"10/04/2022","9.510","9.529","9.540","9.529","-0.21%"
"10/03/2022","9.530","9.520","9.550","9.520","-4.94%"
"10/01/2022","10.026","10.026","10.026","10.026","4.11%"
"09/30/2022","9.630","9.660","9.660","9.650","-0.52%"
"09/29/2022","9.680","9.733","9.733","9.700","0.52%"
"09/28/2022","9.630","9.743","9.754","9.650","-2.03%"
"09/27/2022","9.830","9.850","9.850","9.850","2.58%"
"09/26/2022","9.583","9.650","9.650","9.650","-2.37%"
"09/24/2022","9.816","9.816","9.816","9.816","3.98%"
"09/23/2022","9.440","9.472","9.472","9.445","1.12%"
"09/22/2022","9.335","9.386","9.386","9.355","0.54%"
"09/21/2022","9.285","9.327","9.327","9.305","-0.05%"
"09/20/2022","9.290","9.310","9.310","9.305","1.03%"
"09/19/2022","9.195","9.215","9.215","9.215","-3.33%"
"09/16/2022","9.512","9.512","9.512","9.512","3.84%"
"09/15/2022","9.160","9.172","9.183","9.172","0.99%"
"09/14/2022","9.070","9.085","9.090","9.084","0.67%"
"09/13/2022","9.010","9.023","9.045","9.023","1.35%"
"09/12/2022","8.890","8.930","8.930","8.910","-3.63%"
"09/10/2022","9.224","9.224","9.224","9.224","3.76%"
"09/09/2022","8.890","8.921","8.921","8.910","-0.78%"
"09/08/2022","8.960","9.038","9.038","8.980","-0.44%"
"09/07/2022","9.000","9.070","9.070","9.020","-0.66%"
"09/06/2022","9.060","9.108","9.108","9.080","1.00%"
"09/05/2022","8.970","9.017","9.017","8.990","-3.48%"
"09/03/2022","9.293","9.293","9.293","9.293","3.83%"
"09/02/2022","8.950","9.027","9.027","8.970","-1.65%"
"09/01/2022","9.100","9.155","9.155","9.120","0.89%"
"08/31/2022","9.020","9.070","9.073","9.040","-0.77%"
"08/30/2022","9.090","9.100","9.110","9.093","1.11%"
"08/29/2022","8.990","9.030","9.030","9.010","-2.65%"
"08/27/2022","9.235","9.235","9.235","9.235","3.88%"
"08/26/2022","8.890","8.887","8.910","8.840","0.68%"
"08/25/2022","8.830","8.904","8.904","8.850","-1.01%"
"08/24/2022","8.920","8.992","8.998","8.940","0.34%"
"08/23/2022","8.890","8.880","8.910","8.880","-0.06%"
"08/22/2022","8.895","8.935","8.935","8.915","-2.95%"
"08/20/2022","9.165","9.165","9.165","9.165","3.79%"
"08/19/2022","8.830","8.850","8.850","8.850","1.44%"
"08/18/2022","8.705","8.690","8.725","8.690","1.34%"
"08/17/2022","8.590","8.615","8.615","8.605","1.30%"
"08/16/2022","8.480","8.520","8.520","8.500","0.47%"
"08/15/2022","8.440","8.477","8.488","8.460","-4.15%"
"08/13/2022","8.806","8.806","8.806","8.806","3.72%"
"08/12/2022","8.490","8.535","8.535","8.510","0.00%"
"08/11/2022","8.490","8.465","8.510","8.465","0.59%"
"08/10/2022","8.440","8.453","8.477","8.453","0.00%"
"08/09/2022","8.440","8.483","8.483","8.483","0.69%"
"08/08/2022","8.382","8.415","8.415","8.410","-0.57%"
"08/05/2022","8.430","8.517","8.517","8.450","0.24%"
"08/04/2022","8.410","8.380","8.430","8.380","-0.12%"
"08/03/2022","8.420","8.600","8.600","8.440","-1.52%"
"08/02/2022","8.550","8.493","8.570","8.493","1.79%"
"08/01/2022","8.400","8.498","8.498","8.420","-5.01%"
"07/30/2022","8.843","8.843","8.843","8.843","3.67%"
"07/29/2022","8.530","8.646","8.646","8.550","-1.16%"
"07/28/2022","8.630","8.705","8.752","8.650","-1.98%"
"07/27/2022","8.804","8.857","8.857","8.857","0.05%"
"07/26/2022","8.800","8.770","8.820","8.770","0.34%"
"07/25/2022","8.770","8.833","8.833","8.790","-4.42%"
"07/23/2022","9.176","9.176","9.176","9.176","3.92%"
"07/22/2022","8.830","8.880","8.880","8.850","-2.75%"
"07/21/2022","9.080","9.100","9.100","9.100","-0.44%"
"07/20/2022","9.120","9.152","9.152","9.135","-0.11%"
"07/19/2022","9.130","9.152","9.152","9.150","0.44%"
"07/18/2022","9.090","9.125","9.125","9.110","-2.99%"
"07/16/2022","9.370","9.370","9.370","9.370","3.77%"
"07/15/2022","9.030","9.050","9.050","9.050","0.22%"
"07/14/2022","9.010","9.082","9.082","9.030","-0.11%"
"07/13/2022","9.020","9.120","9.120","9.040","-0.44%"
"07/12/2022","9.060","9.080","9.080","9.080","0.44%"
"07/11/2022","9.020","9.040","9.040","9.040","-3.24%"
"07/09/2022","9.323","9.323","9.323","9.323","3.58%"
"07/08/2022","9.000","9.005","9.020","9.005","0.22%"
"07/07/2022","8.980","9.020","9.020","9.000","0.22%"
"07/06/2022","8.960","8.952","8.980","8.952","1.13%"
"07/05/2022","8.860","8.920","8.920","8.880","-0.56%"
"07/04/2022","8.910","8.930","8.930","8.930","-3.29%"
"07/02/2022","9.214","9.214","9.214","9.214","3.81%"
"07/01/2022","8.875","8.990","8.990","8.895","-1.50%"
"06/30/2022","9.010","9.043","9.043","9.030","-1.04%"
"06/29/2022","9.105","9.125","9.125","9.125","-0.16%"
"06/28/2022","9.120","9.140","9.140","9.140","0.77%"
"06/27/2022","9.050","9.042","9.070","9.042","-2.81%"
"06/25/2022","9.312","9.312","9.312","9.312","3.70%"
"06/24/2022","8.980","9.010","9.010","9.000","0.45%"
"06/23/2022","8.940","9.034","9.034","8.960","-1.81%"
"06/22/2022","9.105","9.126","9.126","9.125","-1.13%"
"06/21/2022","9.209","9.225","9.229","9.225","0.53%"
"06/20/2022","9.160","9.280","9.280","9.180","-3.67%"
"06/18/2022","9.509","9.509","9.509","9.509","3.47%"
"06/17/2022","9.190","9.222","9.222","9.200","0.11%"
"06/16/2022","9.180","9.195","9.210","9.195","-0.03%"
"06/15/2022","9.183","9.235","9.235","9.235","-1.05%"
"06/14/2022","9.280","9.300","9.300","9.300","0.76%"
"06/13/2022","9.210","9.233","9.233","9.220","-1.30%"
"06/11/2022","9.331","9.331","9.331","9.331","3.68%"
"06/10/2022","9.000","9.020","9.020","9.020","0.52%"
"06/09/2022","8.953","9.014","9.014","9.014","-0.08%"
"06/08/2022","8.960","8.974","8.974","8.970","0.56%"
"06/07/2022","8.910","8.920","8.920","8.920","-0.11%"
"06/06/2022","8.920","8.914","8.930","8.914","-1.88%"
"06/04/2022","9.090","9.090","9.090","9.090","3.89%"
"06/03/2022","8.750","8.773","8.773","8.760","0.92%"
"06/02/2022","8.670","8.722","8.722","8.680","-0.23%"
"06/01/2022","8.690","8.700","8.700","8.700","0.70%"
"05/31/2022","8.630","8.640","8.640","8.640","2.01%"
"05/30/2022","8.460","8.583","8.583","8.480","-3.66%"
"05/28/2022","8.781","8.781","8.781","8.781","3.67%"
"05/27/2022","8.470","8.530","8.530","8.490","-1.17%"
"05/26/2022","8.570","8.597","8.597","8.570","0.00%"
"05/25/2022","8.570","8.640","8.640","8.580","-0.58%"
"05/24/2022","8.620","8.654","8.660","8.630","-0.35%"
"05/23/2022","8.650","8.595","8.660","8.595","-3.51%"
"05/21/2022","8.965","8.965","8.965","8.965","4.61%"
"05/20/2022","8.570","8.760","8.760","8.670","-1.95%"
"05/19/2022","8.740","8.794","8.840","8.794","-0.57%"
"05/18/2022","8.790","8.925","8.925","8.880","-0.68%"
"05/17/2022","8.850","8.922","8.980","8.922","1.03%"
"05/16/2022","8.760","8.818","8.860","8.818","-3.41%"
"05/14/2022","9.069","9.069","9.069","9.069","3.65%"
"05/13/2022","8.750","8.880","8.897","8.850","-0.73%"
"05/12/2022","8.814","8.787","8.840","8.778","-0.52%"
"05/11/2022","8.860","8.962","8.962","8.918","-1.45%"
"05/10/2022","8.990","9.103","9.103","9.090","-1.53%"
"05/09/2022","9.130","9.170","9.170","9.150","-3.85%"
"05/07/2022","9.495","9.495","9.495","9.495","4.29%"
"05/06/2022","9.105","9.118","9.198","9.118","0.00%"
"05/05/2022","9.105","9.118","9.148","9.118","0.66%"
"05/04/2022","9.045","9.172","9.172","9.123","-0.60%"
"05/03/2022","9.100","9.084","9.110","9.084","0.11%"
"05/02/2022","9.090","9.123","9.123","9.100","-3.57%"
"04/30/2022","9.427","9.427","9.427","9.427","4.20%"
"04/29/2022","9.047","9.087","9.087","9.080","-0.31%"
"04/28/2022","9.075","9.100","9.100","9.090","1.06%"
"04/27/2022","8.980","9.035","9.040","9.023","0.17%"
"04/26/2022","8.965","8.980","8.980","8.964","1.07%"
"04/25/2022","8.870","8.846","8.950","8.846","-2.97%"
"04/23/2022","9.142","9.142","9.142","9.142","3.70%"
"04/22/2022","8.815","8.818","8.835","8.810","0.28%"
"04/21/2022","8.790","8.846","8.846","8.800","-0.17%"
"04/20/2022","8.805","8.887","8.887","8.820","-1.12%"
"04/19/2022","8.905","8.934","8.934","8.920","0.62%"
"04/18/2022","8.850","8.924","8.924","8.880","-3.44%"
"04/14/2022","9.165","9.165","9.165","9.165","3.85%"
"04/13/2022","8.826","8.847","8.847","8.837","-0.05%"
"04/12/2022","8.830","8.844","8.850","8.840","0.11%"
"04/11/2022","8.820","8.855","8.870","8.855","-2.38%"
"04/09/2022","9.035","9.035","9.035","9.035","3.93%"
"04/08/2022","8.693","8.720","8.720","8.720","0.91%"
"04/07/2022","8.615","8.626","8.630","8.623","1.83%"
"04/06/2022","8.460","8.541","8.550","8.541","0.45%"
"04/05/2022","8.422","8.495","8.495","8.495","0.56%"
"04/04/2022","8.375","8.390","8.395","8.390","-2.74%"
"04/02/2022","8.611","8.611","8.611","8.611","3.50%"
"04/01/2022","8.320","8.328","8.340","8.328","0.60%"
"03/31/2022","8.270","8.304","8.304","8.240","-0.36%"
"03/30/2022","8.300","8.338","8.345","8.320","-0.84%"
"03/29/2022","8.370","8.427","8.427","8.390","-1.82%"
"03/28/2022","8.525","8.567","8.567","8.545","-4.20%"
"03/26/2022","8.899","8.899","8.899","8.899","3.42%"
"03/25/2022","8.605","8.613","8.625","8.600","2.08%"
"03/24/2022","8.430","8.487","8.487","8.477","0.18%"
"03/23/2022","8.415","8.422","8.435","8.422","-0.82%"
"03/22/2022","8.485","8.502","8.505","8.502","2.48%"
"03/18/2022","8.280","8.430","8.430","8.300","-1.78%"
"03/17/2022","8.430","8.549","8.549","8.450","-0.94%"
"03/16/2022","8.510","8.570","8.570","8.530","-1.16%"
"03/15/2022","8.610","8.622","8.675","8.622","-0.29%"
"03/14/2022","8.635","8.616","8.655","8.616","-1.82%"
"03/12/2022","8.795","8.795","8.795","8.795","3.54%"
"03/11/2022","8.495","8.483","8.515","8.483","0.41%"
"03/10/2022","8.460","8.505","8.505","8.480","1.44%"
"03/09/2022","8.340","8.384","8.384","8.360","-1.30%"
"03/08/2022","8.450","8.464","8.471","8.455","1.50%"
"03/07/2022","8.325","8.213","8.345","8.213","3.16%"
"03/04/2022","8.070","8.100","8.100","8.090","1.13%"
"03/03/2022","7.980","8.033","8.033","8.000","0.25%"
"03/02/2022","7.960","7.992","7.995","7.970","0.13%"
"03/01/2022","7.950","7.989","7.989","7.989","1.08%"
"02/28/2022","7.865","7.936","7.936","7.927","-3.57%"
"02/26/2022","8.156","8.156","8.156","8.156","3.51%"
"02/25/2022","7.880","7.875","7.900","7.875","-0.13%"
"02/24/2022","7.890","7.940","7.940","7.910","0.51%"
"02/23/2022","7.850","7.870","7.880","7.870","0.64%"
"02/22/2022","7.800","7.860","7.860","7.860","1.30%"
"02/21/2022","7.700","7.859","7.859","7.859","-4.31%"
"02/19/2022","8.047","8.047","8.047","8.047","3.48%"
"02/18/2022","7.776","7.816","7.816","7.779","0.00%"
"02/17/2022","7.776","7.779","7.799","7.779","0.13%"
"02/16/2022","7.766","7.816","7.816","7.774","-0.45%"
"02/15/2022","7.801","7.824","7.824","7.809","-0.19%"
"02/14/2022","7.816","7.848","7.856","7.824","0.64%"
"02/11/2022","7.766","7.830","7.835","7.774","0.00%"
"02/10/2022","7.766","7.739","7.774","7.739","1.04%"
"02/09/2022","7.686","7.686","7.694","7.686","0.39%"
"02/08/2022","7.656","7.696","7.696","7.659","-3.01%"
"02/05/2022","7.894","7.894","7.894","7.894","3.60%"
"02/04/2022","7.620","7.664","7.664","7.629","0.32%"
"02/03/2022","7.596","7.654","7.654","7.604","0.00%"
"02/02/2022","7.596","7.688","7.688","7.604","-0.91%"
"02/01/2022","7.666","7.695","7.704","7.674","0.13%"
"01/31/2022","7.656","7.717","7.717","7.664","-0.52%"
"01/28/2022","7.696","7.689","7.704","7.689","0.07%"
"01/27/2022","7.691","7.726","7.726","7.694","0.20%"
"01/26/2022","7.676","7.617","7.684","7.617","0.79%"
"01/25/2022","7.616","7.624","7.624","7.624","-0.13%"
"01/24/2022","7.626","7.718","7.718","7.634","-2.54%"
"01/22/2022","7.825","7.825","7.825","7.825","2.33%"
"01/21/2022","7.646","7.636","7.654","7.636","0.00%"
"01/20/2022","7.646","7.668","7.668","7.654","-0.57%"
"01/19/2022","7.690","7.733","7.733","7.710","-0.79%"
"01/18/2022","7.751","7.787","7.787","7.759","0.85%"
"01/17/2022","7.686","7.749","7.749","7.694","-3.14%"
"01/15/2022","7.935","7.935","7.935","7.935","3.51%"
"01/14/2022","7.666","7.713","7.713","7.674","0.26%"
"01/13/2022","7.646","7.699","7.699","7.654","-1.80%"
"01/12/2022","7.786","7.748","7.794","7.744","0.00%"
"01/11/2022","7.786","7.905","7.905","7.769","0.00%"
"01/10/2022","7.786","7.844","7.854","7.794","-3.41%"
"01/08/2022","8.061","8.061","8.061","8.061","3.33%"
"01/07/2022","7.801","7.850","7.850","7.809","0.19%"
"01/06/2022","7.786","7.899","7.899","7.794","-0.26%"
"01/05/2022","7.806","7.781","7.814","7.781","0.13%"
"01/04/2022","7.796","7.766","7.809","7.766","1.70%"
"01/03/2022","7.666","7.675","7.689","7.674","-1.96%"
"01/01/2022","7.819","7.819","7.819","7.819","3.49%"
"12/31/2021","7.556","7.629","7.629","7.564","-0.33%"
"12/30/2021","7.581","7.646","7.646","7.589","-0.07%"
"12/29/2021","7.586","7.625","7.625","7.584","0.40%"
"12/28/2021","7.556","7.665","7.665","7.564","-0.59%"
"12/27/2021","7.601","7.653","7.653","7.609","-2.63%"
"12/25/2021","7.806","7.806","7.806","7.806","6.70%"
"12/24/2021","7.316","7.651","7.651","7.324","-2.79%"
"12/23/2021","7.526","7.552","7.552","7.534","0.40%"
"12/22/2021","7.496","7.511","7.511","7.444","1.08%"
"12/21/2021","7.416","7.417","7.424","7.417","1.23%"
"12/20/2021","7.326","7.387","7.387","7.324","0.14%"
"12/17/2021","7.316","7.324","7.324","7.324","-0.41%"
"12/16/2021","7.346","7.368","7.368","7.352","-0.14%"
"12/15/2021","7.356","7.364","7.364","7.364","-0.07%"
"12/14/2021","7.361","7.368","7.369","7.368","0.62%"
"12/13/2021","7.316","7.340","7.340","7.314","-0.14%"
"12/10/2021","7.326","7.324","7.334","7.324","0.14%"
"12/09/2021","7.316","7.417","7.417","7.324","-0.54%"
"12/08/2021","7.356","7.406","7.406","7.364","-0.19%"
"12/07/2021","7.370","7.446","7.446","7.379","-0.22%"
"12/06/2021","7.386","7.348","7.394","7.344","-3.24%"
"12/04/2021","7.634","7.634","7.634","7.634","3.72%"
"12/03/2021","7.360","7.477","7.477","7.354","-1.15%"
"12/02/2021","7.446","7.474","7.474","7.454","-0.40%"
"12/01/2021","7.476","7.527","7.527","7.484","0.07%"
"11/30/2021","7.471","7.582","7.582","7.479","-2.16%"
"11/29/2021","7.636","7.719","7.719","7.644","-3.68%"
"11/27/2021","7.928","7.928","7.928","7.928","3.55%"
"11/26/2021","7.656","7.702","7.704","7.664","-1.23%"
"11/25/2021","7.751","7.729","7.759","7.723","1.45%"
"11/24/2021","7.640","7.840","7.840","7.840","-1.11%"
"11/23/2021","7.726","7.734","7.734","7.734","1.85%"
"11/22/2021","7.586","7.539","7.594","7.539","1.61%"
"11/19/2021","7.466","7.447","7.499","7.443","-0.27%"
"11/18/2021","7.486","7.470","7.499","7.470","0.75%"
"11/17/2021","7.430","7.525","7.525","7.470","0.87%"
"11/16/2021","7.366","7.374","7.374","7.374","-2.30%"
"11/13/2021","7.540","7.540","7.540","7.540","2.36%"
"11/12/2021","7.366","7.262","7.374","7.262","2.08%"
"11/11/2021","7.216","7.373","7.377","7.199","-1.50%"
"11/10/2021","7.326","7.286","7.344","7.286","1.24%"
"11/09/2021","7.236","7.311","7.311","7.244","-0.69%"
"11/08/2021","7.286","7.345","7.345","7.294","0.07%"
"11/05/2021","7.281","7.325","7.325","7.269","-1.69%"
"11/04/2021","7.406","7.530","7.530","7.414","-1.73%"
"11/03/2021","7.536","7.574","7.574","7.544","-0.53%"
"11/01/2021","7.576","7.524","7.584","7.524","1.20%"
"10/29/2021","7.486","7.494","7.494","7.494","-0.80%"
"10/28/2021","7.546","7.554","7.554","7.554","0.27%"
"10/27/2021","7.526","7.534","7.534","7.534","-0.66%"
"10/26/2021","7.576","7.574","7.584","7.574","0.00%"
"10/25/2021","7.576","7.584","7.584","7.584","0.46%"
"10/22/2021","7.541","7.572","7.572","7.572","-0.19%"
"10/21/2021","7.555","7.605","7.605","7.605","1.21%"
"10/20/2021","7.465","7.515","7.515","7.515","0.54%"
"10/19/2021","7.425","7.475","7.475","7.475","-0.54%"
"10/18/2021","7.465","7.515","7.515","7.515","0.67%"
"10/15/2021","7.415","7.465","7.465","7.465","0.54%"
"10/14/2021","7.375","7.425","7.425","7.425","-0.28%"
"10/13/2021","7.396","7.419","7.419","7.404","-0.54%"
"10/12/2021","7.436","7.444","7.444","7.444","-0.87%"
"10/11/2021","7.501","7.509","7.509","7.509","0.33%"
"10/08/2021","7.476","7.524","7.524","7.484","-0.53%"
"10/07/2021","7.516","7.504","7.524","7.504","-0.46%"
"10/06/2021","7.551","7.569","7.569","7.559","-0.66%"
"10/05/2021","7.601","7.599","7.609","7.599","1.40%"
"10/04/2021","7.496","7.504","7.504","7.504","1.49%"
"10/01/2021","7.386","7.424","7.424","7.394","0.20%"
"09/30/2021","7.371","7.379","7.379","7.379","0.48%"
"09/29/2021","7.336","7.379","7.379","7.344","0.07%"
"09/28/2021","7.331","7.349","7.349","7.339","1.31%"
"09/27/2021","7.236","7.244","7.244","7.244","0.70%"
"09/24/2021","7.186","7.194","7.194","7.194","0.42%"
"09/23/2021","7.156","7.169","7.169","7.164","0.42%"
"09/22/2021","7.126","7.134","7.134","7.134","-0.22%"
"09/21/2021","7.142","7.133","7.158","7.133","0.31%"
"09/20/2021","7.120","7.160","7.160","7.160","1.14%"
"09/17/2021","7.040","7.080","7.080","7.080","0.76%"
"09/15/2021","6.987","6.978","7.003","6.978","0.07%"
"09/14/2021","6.982","6.998","6.998","6.998","0.00%"
"09/13/2021","6.982","6.998","7.013","6.998","0.58%"
"09/10/2021","6.942","6.973","6.973","6.958","0.75%"
"09/09/2021","6.890","6.953","6.990","6.953","-0.55%"
"09/08/2021","6.928","6.983","6.983","6.978","-0.72%"
"09/07/2021","6.978","7.038","7.038","7.028","0.26%"
"09/06/2021","6.960","7.010","7.010","7.010","0.32%"
"09/03/2021","6.938","7.003","7.003","6.988","0.14%"
"09/02/2021","6.928","6.973","6.978","6.973","-0.22%"
"09/01/2021","6.943","6.983","6.993","6.983","0.22%"
"08/31/2021","6.928","6.983","6.983","6.978","0.00%"
"08/30/2021","6.928","6.978","6.978","6.978","-0.22%"
"08/27/2021","6.943","6.993","6.993","6.993","-0.57%"
"08/26/2021","6.983","7.033","7.033","7.033","0.33%"
"08/25/2021","6.960","7.010","7.010","7.010","-0.07%"
"08/24/2021","6.965","7.015","7.015","7.015","-0.21%"
"08/23/2021","6.980","7.010","7.030","7.010","0.24%"
"08/20/2021","6.963","7.023","7.023","7.013","-0.36%"
"08/19/2021","6.988","7.053","7.053","7.038","0.14%"
"08/18/2021","6.978","7.043","7.043","7.028","-0.29%"
"08/17/2021","6.998","7.053","7.053","7.048","-0.14%"
"08/16/2021","7.008","7.078","7.078","7.058","1.45%"
"08/13/2021","6.908","6.953","6.958","6.953","-0.14%"
"08/12/2021","6.918","6.968","6.968","6.968","-0.86%"
"08/11/2021","6.978","7.023","7.028","7.023","-0.57%"
"08/10/2021","7.018","7.068","7.068","7.068","0.43%"
"08/09/2021","6.988","7.063","7.063","7.038","0.00%"
"08/06/2021","6.988","7.038","7.038","7.038","0.58%"
"08/05/2021","6.948","6.998","6.998","6.998","0.49%"
"08/04/2021","6.914","6.964","6.964","6.964","0.52%"
"08/03/2021","6.878","6.933","6.933","6.928","0.42%"
"08/02/2021","6.849","6.904","6.904","6.899","0.29%"
"07/30/2021","6.829","6.879","6.879","6.879","-0.60%"
"07/29/2021","6.870","6.920","6.920","6.920","0.00%"
"07/28/2021","6.870","6.910","6.920","6.910","-0.29%"
"07/27/2021","6.890","6.955","6.955","6.940","-0.72%"
"07/26/2021","6.940","7.015","7.015","6.990","-0.29%"
"07/23/2021","6.960","7.020","7.020","7.010","0.72%"
"07/22/2021","6.910","6.970","6.970","6.960","-0.36%"
"07/21/2021","6.935","6.985","6.985","6.985","1.17%"
"07/20/2021","6.855","6.905","6.905","6.905","0.66%"
"07/19/2021","6.810","6.860","6.860","6.860","-1.16%"
"07/16/2021","6.890","6.930","6.940","6.930","0.58%"
"07/15/2021","6.850","6.895","6.900","6.895","0.15%"
"07/14/2021","6.840","6.895","6.895","6.890","-0.44%"
"07/13/2021","6.870","6.920","6.920","6.920","2.23%"
"07/12/2021","6.720","6.760","6.770","6.760","-0.30%"
"07/09/2021","6.740","6.795","6.795","6.790","-1.03%"
"07/08/2021","6.810","6.855","6.860","6.855","-0.58%"
"07/07/2021","6.850","6.920","6.920","6.900","-1.30%"
"07/06/2021","6.940","7.005","7.005","6.990","-0.22%"
"07/05/2021","6.955","7.005","7.005","7.005","-0.22%"
"07/02/2021","6.970","7.055","7.055","7.020","-0.71%"
"07/01/2021","7.020","7.050","7.070","7.050","1.45%"
"06/30/2021","6.920","7.005","7.005","6.970","0.36%"
"06/29/2021","6.895","6.935","6.945","6.935","0.58%"
"06/28/2021","6.855","6.905","6.905","6.905","-0.72%"
"06/25/2021","6.905","6.975","6.975","6.955","-1.57%"
"06/24/2021","7.015","7.065","7.065","7.065","1.45%"
"06/23/2021","6.915","6.910","6.965","6.910","0.88%"
"06/22/2021","6.855","6.890","6.905","6.890","0.59%"
"06/21/2021","6.815","6.865","6.865","6.865","0.74%"
"06/18/2021","6.765","6.765","6.815","6.765","1.05%"
"06/17/2021","6.695","6.745","6.745","6.745","-0.30%"
"06/16/2021","6.715","6.750","6.765","6.750","0.77%"
"06/15/2021","6.664","6.719","6.719","6.714","0.76%"
"06/14/2021","6.614","6.664","6.664","6.664","0.00%"
"06/11/2021","6.614","6.664","6.664","6.664","1.07%"
"06/10/2021","6.544","6.594","6.594","6.594","-0.08%"
"06/09/2021","6.549","6.594","6.599","6.594","1.47%"
"06/08/2021","6.454","6.509","6.509","6.504","-0.94%"
"06/07/2021","6.515","6.565","6.565","6.565","-1.21%"
"06/04/2021","6.595","6.645","6.645","6.645","-0.74%"
"06/03/2021","6.644","6.674","6.694","6.674","1.61%"
"06/02/2021","6.539","6.604","6.604","6.589","0.23%"
"06/01/2021","6.524","6.574","6.574","6.574","0.00%"
"05/31/2021","6.524","6.574","6.574","6.574","-1.06%"
"05/28/2021","6.594","6.644","6.644","6.644","-1.42%"
"05/27/2021","6.689","6.739","6.739","6.739","0.22%"
"05/26/2021","6.674","6.704","6.724","6.704","0.30%"
"05/25/2021","6.654","6.699","6.704","6.699","-1.33%"
"05/24/2021","6.744","6.834","6.834","6.794","-1.19%"
"05/21/2021","6.825","6.875","6.875","6.875","-0.15%"
"05/20/2021","6.835","6.885","6.885","6.885","-0.29%"
"05/19/2021","6.855","6.845","6.905","6.845","0.59%"
"05/18/2021","6.815","6.865","6.865","6.865","0.59%"
"05/17/2021","6.775","6.885","6.885","6.825","-0.44%"
"05/14/2021","6.805","6.855","6.855","6.855","-0.87%"
"05/13/2021","6.865","6.920","6.920","6.915","-1.15%"
"05/12/2021","6.945","6.995","6.995","6.995","1.61%"
"05/11/2021","6.835","6.885","6.885","6.885","1.79%"
"05/10/2021","6.715","6.745","6.765","6.745","0.92%"
"05/07/2021","6.654","6.704","6.704","6.704","-0.91%"
"05/06/2021","6.715","6.795","6.795","6.765","-1.18%"
"05/05/2021","6.795","6.845","6.845","6.845","-1.09%"
"05/04/2021","6.870","6.925","6.925","6.920","0.29%"
"05/03/2021","6.850","6.900","6.900","6.900","-0.44%"
"04/30/2021","6.880","6.930","6.930","6.930","0.73%"
"04/29/2021","6.830","6.880","6.880","6.880","0.59%"
"04/28/2021","6.790","6.860","6.860","6.840","0.59%"
"04/27/2021","6.750","6.760","6.800","6.760","1.50%"
"04/26/2021","6.650","6.705","6.705","6.700","-0.45%"
"04/23/2021","6.680","6.730","6.730","6.730","-0.74%"
"04/22/2021","6.730","6.800","6.800","6.780","0.90%"
"04/21/2021","6.670","6.730","6.730","6.720","-0.30%"
"04/20/2021","6.690","6.720","6.740","6.720","1.98%"
"04/19/2021","6.560","6.605","6.610","6.605","0.61%"
"04/16/2021","6.520","6.530","6.570","6.530","1.40%"
"04/15/2021","6.430","6.485","6.485","6.480","-2.21%"
"04/14/2021","6.575","6.625","6.625","6.625","-1.57%"
"04/13/2021","6.680","6.680","6.730","6.680","0.75%"
"04/12/2021","6.630","6.670","6.680","6.670","1.38%"
"04/09/2021","6.540","6.600","6.600","6.590","2.19%"
"04/08/2021","6.400","6.440","6.450","6.440","-0.76%"
"04/07/2021","6.449","6.535","6.535","6.499","-2.64%"
"04/06/2021","6.624","6.649","6.674","6.649","-2.01%"
"04/05/2021","6.760","6.825","6.825","6.810","-1.17%"
"03/31/2021","6.840","6.890","6.890","6.890","-0.15%"
"03/30/2021","6.850","6.900","6.900","6.900","0.66%"
"03/29/2021","6.805","6.855","6.855","6.855","0.89%"
"03/26/2021","6.745","6.805","6.805","6.795","-1.60%"
"03/25/2021","6.855","6.925","6.925","6.905","-2.07%"
"03/24/2021","7.000","6.990","7.050","6.990","3.55%"
"03/23/2021","6.760","6.770","6.810","6.770","1.50%"
"03/22/2021","6.660","6.710","6.710","6.710","0.15%"
"03/19/2021","6.650","6.700","6.700","6.700","0.15%"
"03/18/2021","6.640","6.670","6.690","6.670","2.00%"
"03/17/2021","6.510","6.560","6.560","6.560","-0.46%"
"03/16/2021","6.540","6.600","6.630","6.590","2.83%"
"03/12/2021","6.360","6.390","6.410","6.390","2.91%"
"03/11/2021","6.180","6.230","6.230","6.230","-0.96%"
"03/10/2021","6.240","6.290","6.290","6.290","0.32%"
"03/09/2021","6.220","6.270","6.270","6.270","-0.48%"
"03/08/2021","6.250","6.300","6.300","6.300","-0.16%"
"03/05/2021","6.260","6.310","6.310","6.310","0.81%"
"03/04/2021","6.210","6.220","6.260","6.220","2.14%"
"03/03/2021","6.080","6.130","6.130","6.130","1.00%"
"03/02/2021","6.020","6.070","6.070","6.070","-1.31%"
"03/01/2021","6.100","6.150","6.150","6.150","-1.61%"
"02/26/2021","6.200","6.300","6.300","6.250","-0.96%"
"02/25/2021","6.260","6.310","6.310","6.310","3.47%"
"02/24/2021","6.050","6.100","6.100","6.100","1.68%"
"02/23/2021","5.950","6.000","6.000","6.000","2.76%"
"02/22/2021","5.790","5.840","5.840","5.840","1.94%"
"02/19/2021","5.680","5.710","5.730","5.710","2.34%"
"02/18/2021","5.550","5.590","5.600","5.590","2.40%"
"02/17/2021","5.420","5.470","5.470","5.470","0.93%"
"02/16/2021","5.370","5.400","5.420","5.400","2.29%"
"02/15/2021","5.250","5.290","5.300","5.290","0.19%"
"02/12/2021","5.240","5.280","5.290","5.280","0.58%"
"02/11/2021","5.210","5.260","5.260","5.260","-1.70%"
"02/10/2021","5.300","5.350","5.350","5.350","0.57%"
"02/09/2021","5.270","5.320","5.320","5.320","-0.19%"
"02/08/2021","5.280","5.330","5.330","5.330","2.13%"
"02/05/2021","5.170","5.220","5.220","5.220","-0.39%"
"02/04/2021","5.190","5.240","5.240","5.240","0.19%"
"02/03/2021","5.180","5.230","5.230","5.230","0.19%"
"02/02/2021","5.170","5.220","5.220","5.220","-0.96%"
"01/29/2021","5.220","5.270","5.270","5.270","0.58%"
"01/28/2021","5.190","5.240","5.240","5.240","0.00%"
"01/27/2021","5.190","5.240","5.240","5.240","-0.57%"
"01/26/2021","5.220","5.280","5.280","5.270","-0.95%"
"01/25/2021","5.270","5.320","5.320","5.320","0.57%"
"01/22/2021","5.240","5.310","5.320","5.290","0.00%"
"01/21/2021","5.240","5.290","5.290","5.290","0.67%"
"01/20/2021","5.205","5.255","5.255","5.255","-0.38%"
"01/19/2021","5.225","5.275","5.275","5.275","0.00%"
"01/18/2021","5.225","5.300","5.300","5.275","-0.38%"
"01/15/2021","5.245","5.320","5.320","5.295","-1.59%"
"01/14/2021","5.330","5.385","5.385","5.380","0.19%"
"01/13/2021","5.320","5.375","5.375","5.370","-0.56%"
"01/12/2021","5.350","5.400","5.400","5.400","0.38%"
"01/11/2021","5.330","5.380","5.380","5.380","0.76%"
"01/08/2021","5.290","5.360","5.360","5.340","0.00%"
"01/07/2021","5.290","5.340","5.340","5.340","1.15%"
"01/06/2021","5.230","5.260","5.280","5.260","0.58%"
"01/05/2021","5.200","5.250","5.250","5.250","-0.57%"
"01/04/2021","5.230","5.280","5.280","5.280","-0.38%"
"12/31/2020","5.250","5.300","5.300","5.300","0.00%"
"12/30/2020","5.250","5.290","5.300","5.290","0.38%"
"12/29/2020","5.230","5.280","5.280","5.280","0.58%"
"12/28/2020","5.200","5.250","5.250","5.250","0.19%"
"12/24/2020","5.190","5.240","5.240","5.240","-0.67%"
"12/23/2020","5.225","5.275","5.275","5.275","0.29%"
"12/22/2020","5.210","5.250","5.250","5.250","0.19%"
"12/21/2020","5.200","5.250","5.250","5.250","-0.38%"
"12/18/2020","5.220","5.270","5.270","5.270","-1.69%"
"12/17/2020","5.310","5.360","5.360","5.360","-0.75%"
"12/16/2020","5.350","5.400","5.400","5.400","-0.37%"
"12/15/2020","5.370","5.420","5.420","5.420","-0.56%"
"12/14/2020","5.400","5.450","5.450","5.450","-0.18%"
"12/11/2020","5.410","5.460","5.460","5.460","0.37%"
"12/10/2020","5.390","5.440","5.440","5.440","1.70%"
"12/09/2020","5.300","5.350","5.350","5.350","-0.75%"
"12/08/2020","5.340","5.360","5.390","5.360","-0.19%"
"12/07/2020","5.350","5.450","5.450","5.400","-0.93%"
"12/04/2020","5.400","5.470","5.470","5.450","-0.74%"
"12/03/2020","5.440","5.470","5.490","5.470","-0.73%"
"12/02/2020","5.480","5.530","5.530","5.530","-0.36%"
"12/01/2020","5.500","5.550","5.550","5.550","-0.18%"
"11/30/2020","5.510","5.590","5.590","5.560","-0.90%"
"11/27/2020","5.560","5.610","5.610","5.610","-0.18%"
"11/26/2020","5.570","5.600","5.620","5.600","0.36%"
"11/25/2020","5.550","5.610","5.610","5.600","-0.18%"
"11/24/2020","5.560","5.570","5.600","5.570","-0.36%"
"11/23/2020","5.580","5.660","5.660","5.620","0.00%"
"11/20/2020","5.580","5.620","5.630","5.620","-1.41%"
"11/19/2020","5.660","5.720","5.720","5.710","-1.22%"
"11/18/2020","5.730","5.770","5.770","5.770","-1.55%"
"11/17/2020","5.820","5.860","5.860","5.860","0.95%"
"11/13/2020","5.765","5.805","5.805","5.805","1.77%"
"11/12/2020","5.665","5.705","5.705","5.705","-0.96%"
"11/11/2020","5.720","5.760","5.760","5.760","-0.26%"
"11/10/2020","5.735","5.775","5.775","5.775","0.26%"
"11/09/2020","5.720","5.775","5.775","5.760","0.18%"
"11/06/2020","5.710","5.810","5.830","5.750","-0.87%"
"11/05/2020","5.760","5.790","5.830","5.770","-2.21%"
"11/04/2020","5.890","6.020","6.030","5.920","-2.97%"
"11/03/2020","6.070","6.090","6.110","6.090","1.00%"
"10/30/2020","6.010","6.045","6.050","6.045","1.18%"
"10/29/2020","5.940","5.930","5.980","5.910","1.19%"
"10/28/2020","5.870","5.910","5.910","5.900","0.51%"
"10/27/2020","5.840","5.870","5.880","5.870","-0.68%"
"10/26/2020","5.880","5.920","5.920","5.920","0.34%"
"10/23/2020","5.860","5.910","5.910","5.890","-0.34%"
"10/22/2020","5.880","5.920","5.930","5.920","0.86%"
"10/21/2020","5.830","5.850","5.870","5.850","0.52%"
"10/20/2020","5.800","5.830","5.840","5.830","-0.51%"
"10/19/2020","5.830","5.860","5.875","5.860","0.34%"
"10/16/2020","5.810","5.810","5.860","5.810","0.52%"
"10/15/2020","5.780","5.810","5.820","5.790","0.52%"
"10/14/2020","5.750","5.780","5.790","5.780","0.00%"
"10/13/2020","5.750","5.760","5.800","5.760","0.52%"
"10/12/2020","5.720","5.750","5.760","5.750","0.18%"
"10/09/2020","5.710","5.810","5.810","5.750","-1.72%"
"10/08/2020","5.810","5.860","5.860","5.840","-0.34%"
"10/07/2020","5.830","5.870","5.900","5.870","-0.17%"
"10/06/2020","5.840","5.900","5.900","5.870","0.00%"
"10/05/2020","5.840","5.900","5.910","5.880","0.00%"
"10/02/2020","5.840","5.700","5.880","5.700","0.52%"
"10/01/2020","5.810","5.830","5.850","5.830","0.00%"
"09/30/2020","5.810","5.840","5.850","5.840","0.17%"
"09/29/2020","5.800","5.810","5.840","5.810","1.75%"
"09/28/2020","5.700","5.690","5.740","5.690","0.71%"
"09/25/2020","5.660","5.720","5.720","5.700","0.35%"
"09/24/2020","5.640","5.680","5.680","5.680","-0.88%"
"09/23/2020","5.690","5.700","5.730","5.700","0.53%"
"09/22/2020","5.660","5.720","5.720","5.700","-0.53%"
"09/21/2020","5.690","5.720","5.730","5.690","1.25%"
"09/18/2020","5.620","5.670","5.690","5.660","0.18%"
"09/17/2020","5.610","5.630","5.660","5.630","-0.18%"
"09/15/2020","5.620","5.660","5.660","5.650","-0.35%"
"09/14/2020","5.640","5.690","5.690","5.680","-0.88%"
"09/11/2020","5.690","5.730","5.730","5.730","-0.52%"
"09/10/2020","5.720","5.760","5.760","5.760","-0.17%"
"09/09/2020","5.730","5.780","5.780","5.770","-0.35%"
"09/08/2020","5.750","5.800","5.810","5.790","-0.17%"
"09/07/2020","5.760","5.800","5.800","5.800","0.00%"
"09/04/2020","5.760","5.800","5.800","5.780","0.17%"
"09/03/2020","5.750","5.800","5.800","5.790","-0.35%"
"09/02/2020","5.770","5.790","5.810","5.790","-0.17%"
"09/01/2020","5.780","5.830","5.830","5.820","-0.52%"
"08/31/2020","5.810","5.860","5.860","5.850","0.00%"
"08/28/2020","5.810","5.860","5.860","5.850","-0.51%"
"08/27/2020","5.840","5.900","5.900","5.880","-0.51%"
"08/26/2020","5.870","5.875","5.910","5.875","1.21%"
"08/25/2020","5.800","5.830","5.850","5.830","0.17%"
"08/24/2020","5.790","5.780","5.830","5.780","0.87%"
"08/21/2020","5.740","5.790","5.790","5.780","0.26%"
"08/20/2020","5.725","5.740","5.765","5.740","0.44%"
"08/19/2020","5.700","5.745","5.745","5.740","-0.35%"
"08/18/2020","5.720","5.785","5.785","5.760","-0.09%"
"08/17/2020","5.725","5.720","5.765","5.720","0.79%"
"08/14/2020","5.680","5.780","5.780","5.720","-1.05%"
"08/13/2020","5.740","5.770","5.780","5.770","-0.17%"
"08/12/2020","5.750","5.820","5.820","5.790","-0.17%"
"08/11/2020","5.760","6.000","6.000","5.780","0.26%"
"08/10/2020","5.745","5.780","5.785","5.780","0.61%"
"08/07/2020","5.710","5.730","5.750","5.710","0.53%"
"08/06/2020","5.680","5.750","5.750","5.710","-0.35%"
"08/05/2020","5.700","5.720","5.740","5.700","-0.52%"
"08/04/2020","5.730","5.770","5.770","5.750","0.35%"
"08/03/2020","5.710","5.780","5.800","5.740","0.35%"
"07/31/2020","5.690","5.680","5.730","5.680","0.71%"
"07/30/2020","5.650","5.710","5.710","5.690","-0.18%"
"07/29/2020","5.660","5.685","5.700","5.685","0.18%"
"07/28/2020","5.650","5.690","5.690","5.690","-0.35%"
"07/27/2020","5.670","5.760","5.800","5.710","-0.87%"
"07/24/2020","5.720","5.780","5.780","5.760","-0.17%"
"07/23/2020","5.730","5.740","5.770","5.740","0.53%"
"07/22/2020","5.700","5.740","5.740","5.740","-1.04%"
"07/21/2020","5.760","5.790","5.800","5.790","-0.69%"
"07/20/2020","5.800","5.800","5.860","5.800","0.35%"
"07/17/2020","5.780","5.800","5.820","5.800","0.87%"
"07/16/2020","5.730","5.660","5.760","5.660","1.96%"
"07/15/2020","5.620","5.660","5.660","5.660","0.54%"
"07/14/2020","5.590","5.680","5.680","5.650","0.00%"
"07/13/2020","5.590","5.650","5.650","5.620","-0.89%"
"07/10/2020","5.640","5.720","5.730","5.680","-1.40%"
"07/09/2020","5.720","5.800","5.800","5.760","-0.35%"
"07/08/2020","5.740","5.780","5.810","5.780","0.53%"
"07/07/2020","5.710","5.690","5.770","5.690","1.24%"
"07/06/2020","5.640","5.700","5.710","5.680","-0.88%"
"07/03/2020","5.690","5.720","5.740","5.720","0.53%"
"07/02/2020","5.660","5.680","5.720","5.680","-0.88%"
"07/01/2020","5.710","5.760","5.770","5.720","-1.38%"
"06/30/2020","5.790","5.840","5.840","5.820","-0.86%"
"06/29/2020","5.840","5.910","5.910","5.880","0.00%"
"06/26/2020","5.840","5.900","5.950","5.890","-1.52%"
"06/25/2020","5.930","5.990","5.990","5.940","-0.67%"
"06/24/2020","5.970","5.970","6.010","5.950","1.19%"
"06/23/2020","5.900","5.940","5.960","5.930","0.17%"
"06/22/2020","5.890","5.900","5.960","5.900","0.34%"
"06/19/2020","5.870","5.990","5.990","5.910","-1.34%"
"06/18/2020","5.950","6.020","6.020","5.980","-0.17%"
"06/17/2020","5.960","6.020","6.030","6.010","-0.50%"
"06/16/2020","5.990","6.000","6.070","6.000","0.84%"
"06/15/2020","5.940","6.000","6.010","5.980","-0.17%"
"06/12/2020","5.950","6.030","6.030","6.010","-0.67%"
"06/11/2020","5.990","6.080","6.080","6.050","-1.32%"
"06/10/2020","6.070","6.210","6.210","6.130","-1.62%"
"06/09/2020","6.170","6.220","6.230","6.220","-1.12%"
"06/08/2020","6.240","6.290","6.300","6.290","0.00%"
"06/05/2020","6.240","6.230","6.300","6.230","2.46%"
"06/04/2020","6.090","6.180","6.180","6.150","0.16%"
"06/03/2020","6.080","6.130","6.140","6.130","-0.65%"
"06/02/2020","6.120","6.190","6.190","6.180","0.16%"
"06/01/2020","6.110","6.130","6.170","6.110","0.00%"
"05/29/2020","6.110","5.930","6.210","5.930","-0.49%"
"05/28/2020","6.140","6.200","6.260","6.180","0.00%"
"05/27/2020","6.140","6.120","6.260","6.120","1.15%"
"05/26/2020","6.070","6.150","6.150","6.130","-1.62%"
"05/25/2020","6.170","6.260","6.260","6.230","-0.48%"
"05/22/2020","6.200","6.250","6.280","6.250","1.64%"
"05/21/2020","6.100","6.170","6.180","6.170","0.83%"
"05/20/2020","6.050","6.120","6.130","6.120","1.34%"
"05/19/2020","5.970","6.180","6.180","6.170","-0.17%"
"05/18/2020","5.980","6.180","6.230","6.180","-0.83%"
"05/15/2020","6.030","6.180","6.230","6.180","0.50%"
"05/14/2020","6.000","6.160","6.220","6.160","0.33%"
"05/13/2020","5.980","6.170","6.180","6.170","1.87%"
"05/12/2020","5.870","6.030","6.030","5.890","-0.34%"
"05/11/2020","5.890","6.120","6.120","6.090","1.90%"
"05/08/2020","5.780","6.000","6.000","5.980","-2.69%"
"05/07/2020","5.940","6.190","6.190","6.140","-5.11%"
"05/06/2020","6.260","6.440","6.440","6.280","-0.63%"
"05/05/2020","6.300","6.540","6.540","6.500","-1.25%"
"05/04/2020","6.380","6.620","6.620","6.580","-1.31%"
"04/30/2020","6.465","6.680","6.920","6.610","-1.90%"
"04/29/2020","6.590","6.930","6.930","6.680","-3.09%"
"04/28/2020","6.800","6.870","6.950","6.870","-0.58%"
"04/27/2020","6.840","6.970","6.990","6.900","-0.44%"
"04/24/2020","6.870","6.820","7.000","6.820","3.00%"
"04/23/2020","6.670","6.740","6.800","6.700","-0.15%"
"04/22/2020","6.680","7.050","7.050","6.840","-3.19%"
"04/21/2020","6.900","7.160","7.230","7.050","-0.43%"
"04/20/2020","6.930","6.990","7.130","6.990","1.46%"
"04/17/2020","6.830","6.860","6.980","6.860","0.59%"
"04/16/2020","6.790","6.930","6.950","6.880","-0.59%"
"04/15/2020","6.830","6.910","6.970","6.910","0.15%"
"04/14/2020","6.820","7.070","7.070","6.920","-3.26%"
"04/13/2020","7.050","7.160","7.230","7.140","-0.14%"
"04/08/2020","7.060","7.210","7.220","7.160","-0.70%"
"04/07/2020","7.110","7.340","7.340","7.120","-2.87%"
"04/06/2020","7.320","7.340","7.440","7.340","1.10%"
"04/03/2020","7.240","7.240","7.370","7.240","2.12%"
"04/02/2020","7.090","7.170","7.230","7.080","1.00%"
"04/01/2020","7.020","7.260","7.260","7.090","-0.28%"
"03/31/2020","7.040","7.200","7.260","7.120","-2.90%"
"03/30/2020","7.250","7.250","7.430","7.250","2.84%"
"03/27/2020","7.050","7.550","7.550","7.150","-3.16%"
"03/26/2020","7.280","7.740","7.740","7.380","-5.94%"
"03/25/2020","7.740","7.930","7.930","7.830","-2.89%"
"03/24/2020","7.970","7.990","7.990","7.990","2.31%"
"03/23/2020","7.790","7.810","7.810","7.810","6.42%"
"03/20/2020","7.320","8.040","8.040","7.410","-9.52%"
"03/19/2020","8.090","8.180","8.200","8.150","-1.82%"
"03/18/2020","8.240","8.000","8.360","8.000","6.32%"
"03/17/2020","7.750","7.690","7.920","7.400","1.57%"
"03/13/2020","7.630","7.460","7.740","7.460","-0.65%"
"03/12/2020","7.680","8.040","8.040","7.710","5.79%"
"03/11/2020","7.260","7.290","7.290","7.280","6.76%"
"03/10/2020","6.800","6.820","6.820","6.820","1.95%"
"03/09/2020","6.670","6.690","6.690","6.690","5.04%"
"03/06/2020","6.350","6.378","6.378","6.358","-0.16%"
"03/05/2020","6.360","6.420","6.420","6.380","0.79%"
"03/04/2020","6.310","6.260","6.330","6.260","-1.71%"
"03/03/2020","6.420","6.400","6.440","6.400","-2.13%"
"03/02/2020","6.560","6.848","6.870","6.580","-3.95%"
"02/28/2020","6.830","6.698","6.870","6.692","2.25%"
"02/27/2020","6.680","6.520","6.710","6.520","2.80%"
"02/26/2020","6.498","6.478","6.530","6.472","0.59%"
"02/25/2020","6.460","6.510","6.510","6.480","-0.46%"
"02/24/2020","6.490","6.550","6.550","6.496","-0.49%"
"02/21/2020","6.522","6.560","6.590","6.520","-0.40%"
"02/20/2020","6.548","6.520","6.570","6.510","0.74%"
"02/19/2020","6.500","6.580","6.580","6.520","-0.46%"
"02/18/2020","6.530","6.560","6.560","6.490","-0.15%"
"02/17/2020","6.540","6.560","6.570","6.480","0.15%"
"02/14/2020","6.530","6.600","6.600","6.550","-0.61%"
"02/13/2020","6.570","6.600","6.600","6.490","0.00%"
"02/12/2020","6.570","6.580","6.600","6.570","0.18%"
"02/11/2020","6.558","6.590","6.590","6.562","-0.33%"
"02/10/2020","6.580","6.650","6.660","6.600","-0.60%"
"02/07/2020","6.620","6.660","6.660","6.640","-0.27%"
"02/06/2020","6.638","6.668","6.670","6.640","-0.18%"
"02/05/2020","6.650","6.670","6.710","6.670","0.15%"
"02/04/2020","6.640","6.630","6.690","6.620","0.61%"
"01/31/2020","6.600","6.640","6.670","6.620","-0.15%"
"01/30/2020","6.610","6.650","6.670","6.560","-0.15%"
"01/29/2020","6.620","6.730","6.730","6.630","-1.28%"
"01/28/2020","6.706","6.740","6.760","6.714","-0.36%"
"01/27/2020","6.730","6.790","6.790","6.750","-0.44%"
"01/24/2020","6.760","6.810","6.810","6.780","-0.29%"
"01/23/2020","6.780","6.850","6.850","6.796","-0.59%"
"01/22/2020","6.820","6.880","6.880","6.820","-0.15%"
"01/21/2020","6.830","6.830","6.890","6.820","0.59%"
"01/20/2020","6.790","6.830","6.830","6.808","-0.18%"
"01/17/2020","6.802","6.848","6.850","6.818","-0.26%"
"01/16/2020","6.820","6.820","6.850","6.820","0.29%"
"01/15/2020","6.800","6.830","6.830","6.750","-0.44%"
"01/14/2020","6.830","6.860","6.870","6.846","0.00%"
"01/13/2020","6.830","6.830","6.870","6.830","0.98%"
"01/10/2020","6.764","6.880","6.880","6.786","-1.26%"
"01/09/2020","6.850","6.840","6.880","6.840","0.29%"
"01/08/2020","6.830","6.850","6.880","6.850","0.00%"
"01/07/2020","6.830","6.820","6.860","6.820","0.89%"
"01/06/2020","6.770","6.790","6.800","6.770","0.83%"
"01/03/2020","6.714","6.808","6.808","6.716","-0.97%"
"01/02/2020","6.780","6.870","6.870","6.800","-0.88%"
"12/31/2019","6.840","6.848","6.870","6.832","0.29%"
"12/30/2019","6.820","6.840","6.860","6.836","0.15%"
"12/27/2019","6.810","6.880","6.880","6.840","-0.44%"
"12/26/2019","6.840","6.880","6.900","6.880","-0.44%"
"12/24/2019","6.870","6.900","6.900","6.890","-0.15%"
"12/23/2019","6.880","6.940","6.940","6.880","-0.43%"
"12/20/2019","6.910","6.980","6.980","6.910","0.58%"
"12/19/2019","6.870","6.810","6.940","6.786","1.48%"
"12/18/2019","6.770","6.830","6.830","6.780","-0.44%"
"12/17/2019","6.800","6.820","6.830","6.760","0.44%"
"12/16/2019","6.770","6.850","6.850","6.790","-0.44%"
"12/13/2019","6.800","6.858","6.858","6.810","-0.58%"
"12/11/2019","6.840","6.810","6.860","6.810","-0.55%"
"12/10/2019","6.878","6.888","6.890","6.846","1.15%"
"12/09/2019","6.800","6.988","6.988","6.880","-2.30%"
"12/06/2019","6.960","7.070","7.070","6.980","-0.85%"
"12/05/2019","7.020","7.110","7.110","7.030","0.57%"
"12/04/2019","6.980","7.160","7.160","7.020","-2.10%"
"12/03/2019","7.130","7.160","7.170","7.130","0.00%"
"12/02/2019","7.130","7.100","7.160","7.100","0.85%"
"11/29/2019","7.070","7.098","7.100","7.076","0.00%"
"11/28/2019","7.070","6.990","7.110","6.990","0.80%"
"11/27/2019","7.014","7.148","7.148","7.016","-1.35%"
"11/26/2019","7.110","7.100","7.160","7.100","0.51%"
"11/25/2019","7.074","7.050","7.100","7.022","0.77%"
"11/22/2019","7.020","7.050","7.050","6.970","0.14%"
"11/21/2019","7.010","7.100","7.130","7.040","-0.28%"
"11/20/2019","7.030","6.990","7.100","6.990","0.72%"
"11/19/2019","6.980","6.888","7.020","6.882","-1.70%"
"11/18/2019","7.101","7.101","7.101","7.101","3.06%"
"11/15/2019","6.890","6.970","6.990","6.890","-0.72%"
"11/14/2019","6.940","6.998","7.000","6.920","-0.29%"
"11/13/2019","6.960","6.980","7.080","6.980","0.58%"
"11/12/2019","6.920","6.910","7.010","6.880","0.87%"
"11/11/2019","6.860","6.870","6.900","6.870","0.29%"
"11/08/2019","6.840","6.870","6.910","6.870","0.44%"
"11/07/2019","6.810","6.710","6.880","6.706","0.74%"
"11/06/2019","6.760","6.850","6.850","6.776","-0.88%"
"11/05/2019","6.820","6.840","6.870","6.840","0.74%"
"11/04/2019","6.770","6.770","6.830","6.770","0.00%"
"11/01/2019","6.770","6.748","6.810","6.738","0.45%"
"10/31/2019","6.740","6.780","6.790","6.760","-0.44%"
"10/30/2019","6.770","6.860","6.870","6.800","-1.02%"
"10/29/2019","6.840","6.900","6.900","6.840","-0.44%"
"10/28/2019","6.870","6.860","6.920","6.860","0.59%"
"10/25/2019","6.830","6.840","6.860","6.828","0.44%"
"10/24/2019","6.800","6.860","6.860","6.820","-0.73%"
"10/23/2019","6.850","6.890","6.920","6.870","-0.15%"
"10/22/2019","6.860","6.870","6.890","6.850","0.44%"
"10/21/2019","6.830","6.810","6.870","6.810","0.44%"
"10/18/2019","6.800","6.880","6.880","6.820","-0.58%"
"10/17/2019","6.840","6.840","6.890","6.820","0.44%"
"10/16/2019","6.810","6.860","6.860","6.830","0.59%"
"10/15/2019","6.770","6.740","6.820","6.740","0.39%"
"10/14/2019","6.744","6.750","6.760","6.750","0.06%"
"10/11/2019","6.740","6.800","6.800","6.770","0.00%"
"10/10/2019","6.740","6.730","6.780","6.720","0.45%"
"10/09/2019","6.710","6.770","6.770","6.720","-0.59%"
"10/08/2019","6.750","6.780","6.780","6.760","-0.30%"
"10/07/2019","6.770","6.740","6.800","6.740","0.59%"
"10/04/2019","6.730","6.730","6.760","6.700","0.15%"
"10/03/2019","6.720","6.840","6.840","6.740","-1.61%"
"10/02/2019","6.830","6.900","6.900","6.840","-1.01%"
"10/01/2019","6.900","6.960","6.970","6.880","0.58%"
"09/30/2019","6.860","6.890","6.920","6.880","-0.29%"
"09/27/2019","6.880","6.820","6.920","6.820","0.88%"
"09/26/2019","6.820","6.900","6.900","6.820","-1.04%"
"09/25/2019","6.892","6.930","6.930","6.898","-0.12%"
"09/24/2019","6.900","6.950","6.950","6.820","0.15%"
"09/23/2019","6.890","6.960","6.960","6.890","-1.29%"
"09/20/2019","6.980","7.048","7.048","6.980","-0.29%"
"09/19/2019","7.000","7.158","7.158","7.020","-1.82%"
"09/18/2019","7.130","7.200","7.200","7.096","-0.56%"
"09/17/2019","7.170","7.268","7.268","7.190","-0.83%"
"09/13/2019","7.230","7.190","7.290","7.190","0.98%"
"09/12/2019","7.160","7.230","7.230","7.100","-0.14%"
"09/11/2019","7.170","7.100","7.260","7.100","1.41%"
"09/10/2019","7.070","7.020","7.140","7.020","1.00%"
"09/09/2019","7.000","6.960","7.020","6.960","0.72%"
"09/06/2019","6.950","7.020","7.020","6.960","-0.57%"
"09/05/2019","6.990","6.960","7.030","6.960","0.87%"
"09/04/2019","6.930","6.970","6.980","6.940","0.00%"
"09/03/2019","6.930","6.970","6.980","6.930","-0.43%"
"09/02/2019","6.960","6.980","7.000","6.970","0.14%"
"08/30/2019","6.950","7.010","7.010","6.970","-0.86%"
"08/29/2019","7.010","7.000","7.040","6.996","0.29%"
"08/28/2019","6.990","7.060","7.060","7.000","-0.29%"
"08/27/2019","7.010","7.010","7.080","6.990","0.57%"
"08/26/2019","6.970","6.970","7.030","6.950","0.43%"
"08/23/2019","6.940","6.990","7.010","6.960","-0.46%"
"08/22/2019","6.972","7.020","7.020","6.940","-0.63%"
"08/21/2019","7.016","7.090","7.090","7.010","-0.62%"
"08/20/2019","7.060","7.030","7.100","7.010","0.26%"
"08/19/2019","7.042","6.960","7.080","6.940","1.62%"
"08/16/2019","6.930","7.060","7.070","6.940","-1.56%"
"08/15/2019","7.040","7.230","7.240","7.050","-2.63%"
"08/14/2019","7.230","7.190","7.250","7.190","0.70%"
"08/13/2019","7.180","7.188","7.220","7.140","-0.06%"
"08/12/2019","7.184","7.240","7.260","7.196","-0.03%"
"08/09/2019","7.186","7.240","7.260","7.180","-1.05%"
"08/08/2019","7.262","7.330","7.370","7.260","-0.52%"
"08/07/2019","7.300","7.460","7.460","7.320","-1.75%"
"08/06/2019","7.430","7.440","7.460","7.410","0.13%"
"08/05/2019","7.420","7.450","7.500","7.420","-0.08%"
"08/02/2019","7.426","7.498","7.498","7.420","-0.85%"
"08/01/2019","7.490","7.560","7.560","7.470","0.00%"
"07/31/2019","7.490","7.538","7.538","7.510","-0.40%"
"07/30/2019","7.520","7.510","7.540","7.510","0.27%"
"07/29/2019","7.500","7.540","7.540","7.500","-0.40%"
"07/26/2019","7.530","7.480","7.550","7.460","1.35%"
"07/25/2019","7.430","7.458","7.458","7.430","0.00%"
"07/24/2019","7.430","7.500","7.500","7.430","-0.64%"
"07/23/2019","7.478","7.500","7.530","7.482","0.24%"
"07/22/2019","7.460","7.490","7.510","7.490","-0.27%"
"07/19/2019","7.480","7.558","7.570","7.480","-0.80%"
"07/18/2019","7.540","7.730","7.730","7.560","-2.58%"
"07/17/2019","7.740","7.690","7.770","7.690","1.79%"
"07/16/2019","7.604","7.606","7.606","7.606","0.03%"
"07/15/2019","7.602","7.644","7.644","7.564","-0.16%"
"07/12/2019","7.614","7.650","7.650","7.630","-0.57%"
"07/11/2019","7.658","7.598","7.670","7.592","1.03%"
"07/10/2019","7.580","7.570","7.620","7.570","0.26%"
"07/09/2019","7.560","7.390","7.580","7.390","2.58%"
"07/08/2019","7.370","7.340","7.380","7.340","0.96%"
"07/05/2019","7.300","7.380","7.380","7.300","0.14%"
"07/04/2019","7.290","7.394","7.394","7.310","-0.33%"
"07/03/2019","7.314","7.370","7.400","7.370","-1.03%"
"07/02/2019","7.390","7.534","7.534","7.410","-1.26%"
"07/01/2019","7.484","7.600","7.600","7.490","-1.08%"
"06/28/2019","7.566","7.560","7.600","7.540","-0.18%"
"06/27/2019","7.580","7.690","7.690","7.600","-1.43%"
"06/26/2019","7.690","7.640","7.750","7.640","-0.10%"
"06/25/2019","7.698","7.670","7.730","7.660","0.50%"
"06/24/2019","7.660","7.690","7.698","7.680","-0.26%"
"06/21/2019","7.680","7.610","7.700","7.600","1.53%"
"06/20/2019","7.564","7.620","7.630","7.560","-0.87%"
"06/19/2019","7.630","7.660","7.730","7.640","-0.68%"
"06/18/2019","7.682","7.754","7.754","7.682","-0.80%"
"06/17/2019","7.744","7.660","7.760","7.660","1.23%"
"06/14/2019","7.650","7.690","7.690","7.640","-0.26%"
"06/13/2019","7.670","7.710","7.710","7.670","-0.39%"
"06/12/2019","7.700","7.710","7.730","7.690","0.26%"
"06/11/2019","7.680","7.790","7.790","7.670","-0.90%"
"06/10/2019","7.750","7.960","7.960","7.750","-2.15%"
"06/07/2019","7.920","8.038","8.038","7.940","-1.12%"
"06/06/2019","8.010","7.984","8.040","7.982","0.45%"
"06/05/2019","7.974","8.010","8.010","7.940","-0.08%"
"06/04/2019","7.980","8.090","8.090","8.000","-0.99%"
"06/03/2019","8.060","8.090","8.090","8.070","0.00%"
"05/31/2019","8.060","8.008","8.120","7.996","1.00%"
"05/30/2019","7.980","7.990","8.010","7.990","0.50%"
"05/29/2019","7.940","7.968","7.980","7.940","-0.13%"
"05/28/2019","7.950","8.048","8.048","7.970","-1.00%"
"05/27/2019","8.030","8.050","8.050","8.050","0.12%"
"05/24/2019","8.020","8.080","8.090","8.040","-0.37%"
"05/23/2019","8.050","8.100","8.100","8.070","-0.67%"
"05/22/2019","8.104","8.126","8.126","8.110","-0.10%"
"05/21/2019","8.112","8.128","8.130","8.116","0.00%"
"05/20/2019","8.112","8.140","8.180","8.118","0.77%"
"05/17/2019","8.050","8.050","8.060","8.050","0.12%"
"05/16/2019","8.040","8.070","8.070","8.030","0.10%"
"05/15/2019","8.032","8.080","8.080","8.040","-0.47%"
"05/14/2019","8.070","8.110","8.118","8.070","-0.37%"
"05/13/2019","8.100","8.118","8.130","8.106","0.00%"
"05/10/2019","8.100","8.120","8.120","8.090","-0.34%"
"05/09/2019","8.128","8.138","8.150","8.130","0.10%"
"05/08/2019","8.120","8.200","8.200","8.130","-0.12%"
"05/07/2019","8.130","8.120","8.150","8.120","0.25%"
"05/06/2019","8.110","8.130","8.130","8.130","0.37%"
"05/03/2019","8.080","8.090","8.100","8.090","-0.37%"
"05/02/2019","8.110","8.110","8.130","8.110","0.37%"
"04/30/2019","8.080","8.100","8.100","8.090","-0.12%"
"04/29/2019","8.090","8.070","8.120","8.070","0.62%"
"04/26/2019","8.040","8.080","8.080","8.050","-0.74%"
"04/25/2019","8.100","8.170","8.170","8.110","0.00%"
"04/24/2019","8.100","8.110","8.120","8.100","0.62%"
"04/23/2019","8.050","8.060","8.080","8.060","0.25%"
"04/22/2019","8.030","8.050","8.060","8.050","0.00%"
"04/18/2019","8.030","8.050","8.050","8.030","0.12%"
"04/17/2019","8.020","8.040","8.050","8.040","0.12%"
"04/16/2019","8.010","7.990","8.020","7.990","1.14%"
"04/15/2019","7.920","7.940","7.940","7.940","0.38%"
"04/12/2019","7.890","7.950","7.950","7.910","-0.25%"
"04/11/2019","7.910","7.970","8.000","7.900","-0.38%"
"04/10/2019","7.940","7.970","7.970","7.950","-0.25%"
"04/09/2019","7.960","7.980","7.990","7.960","0.38%"
"04/08/2019","7.930","7.930","7.970","7.920","-0.25%"
"04/06/2019","7.950","7.970","7.970","7.940","0.25%"
"04/05/2019","7.930","8.000","8.000","7.960","-0.88%"
"04/04/2019","8.000","8.100","8.100","8.030","-0.50%"
"04/03/2019","8.040","8.060","8.070","7.980","0.37%"
"04/02/2019","8.010","8.020","8.040","8.000","0.25%"
"04/01/2019","7.990","8.010","8.050","8.000","-0.25%"
"03/29/2019","8.010","8.010","8.040","7.980","0.63%"
"03/28/2019","7.960","7.980","8.020","7.940","0.25%"
"03/27/2019","7.940","7.960","7.980","7.950","0.63%"
"03/26/2019","7.890","7.880","7.940","7.880","0.64%"
"03/25/2019","7.840","7.930","7.930","7.870","-0.63%"
"03/22/2019","7.890","7.930","7.930","7.930","-0.50%"
"03/21/2019","7.930","7.970","7.970","7.940","-0.58%"
"03/20/2019","7.976","8.110","8.110","7.966","-0.67%"
"03/19/2019","8.030","8.030","8.070","8.030","-0.12%"
"03/18/2019","8.040","8.040","8.040","8.040","0.25%"
"03/15/2019","8.020","8.030","8.050","8.026","0.12%"
"03/13/2019","8.010","8.060","8.060","8.010","-0.02%"
"03/12/2019","8.012","8.070","8.070","8.000","-0.10%"
"03/11/2019","8.020","8.090","8.120","8.050","-0.30%"
"03/08/2019","8.044","8.080","8.110","8.060","-0.74%"
"03/07/2019","8.104","8.070","8.110","8.064","0.25%"
"03/06/2019","8.084","8.178","8.178","8.126","-0.57%"
"03/05/2019","8.130","8.198","8.198","8.140","-0.49%"
"03/04/2019","8.170","8.158","8.200","8.146","0.49%"
"03/01/2019","8.130","8.170","8.170","8.150","-0.83%"
"02/28/2019","8.198","8.208","8.208","8.202","1.21%"
"02/27/2019","8.100","8.100","8.130","8.090","0.37%"
"02/26/2019","8.070","8.190","8.190","8.070","-2.06%"
"02/25/2019","8.240","8.310","8.310","8.260","-0.96%"
"02/22/2019","8.320","8.340","8.340","8.340","-0.12%"
"02/21/2019","8.330","8.370","8.370","8.350","-0.24%"
"02/20/2019","8.350","8.390","8.390","8.370","0.12%"
"02/19/2019","8.340","8.370","8.370","8.360","-0.36%"
"02/18/2019","8.370","8.390","8.390","8.390","1.21%"
"02/15/2019","8.270","8.300","8.300","8.300","-1.55%"
"02/14/2019","8.400","8.480","8.490","8.420","-1.64%"
"02/13/2019","8.540","8.460","8.560","8.440","1.91%"
"02/12/2019","8.380","8.400","8.400","8.400","-1.18%"
"02/11/2019","8.480","8.360","8.500","8.360","1.68%"
"02/08/2019","8.340","8.280","8.410","8.280","-0.83%"
"02/07/2019","8.410","8.270","8.460","8.270","0.12%"
"02/06/2019","8.400","8.380","8.420","8.350","-0.12%"
"02/05/2019","8.410","8.370","8.450","8.340","-0.71%"
"02/01/2019","8.470","8.390","8.510","8.390","0.00%"
"01/31/2019","8.470","8.340","8.510","8.340","-0.70%"
"01/30/2019","8.530","8.630","8.630","8.530","1.55%"
"01/29/2019","8.400","8.460","8.460","8.430","-0.59%"
"01/28/2019","8.450","8.480","8.490","8.460","0.36%"
"01/25/2019","8.420","8.420","8.510","8.340","-0.71%"
"01/24/2019","8.480","8.637","8.637","8.490","-1.74%"
"01/23/2019","8.630","8.600","8.650","8.560","-0.69%"
"01/22/2019","8.690","8.700","8.760","8.650","-0.23%"
"01/21/2019","8.710","8.640","8.730","8.640","0.46%"
"01/18/2019","8.670","8.700","8.770","8.650","-0.23%"
"01/17/2019","8.690","8.610","8.750","8.610","0.70%"
"01/16/2019","8.630","8.590","8.650","8.570","-0.23%"
"01/15/2019","8.650","8.640","8.720","8.560","0.35%"
"01/14/2019","8.620","8.610","8.640","8.540","-0.81%"
"01/11/2019","8.690","8.630","8.710","8.580","1.05%"
"01/10/2019","8.600","8.670","8.720","8.620","-1.83%"
"01/09/2019","8.760","8.605","8.780","8.600","0.92%"
"01/08/2019","8.680","8.570","8.700","8.510","1.05%"
"01/07/2019","8.590","8.410","8.610","8.350","1.42%"
"01/04/2019","8.470","8.600","8.620","8.490","-1.51%"
"01/03/2019","8.600","8.640","8.700","8.550","-0.35%"
"01/02/2019","8.630","8.650","8.670","8.600","0.12%"
"12/31/2018","8.620","8.650","8.650","8.650","-1.26%"
"12/28/2018","8.730","8.750","8.750","8.750","-0.91%"
"12/27/2018","8.810","8.830","8.830","8.830","0.00%"
"12/26/2018","8.810","8.850","8.900","8.820","-0.34%"
"12/24/2018","8.840","8.840","8.870","8.810","0.34%"
"12/21/2018","8.810","8.670","8.830","8.670","1.85%"
"12/20/2018","8.650","8.670","8.670","8.590","-0.69%"
"12/19/2018","8.710","8.720","8.790","8.670","-0.11%"
"12/18/2018","8.720","8.840","8.920","8.740","-1.13%"
"12/17/2018","8.820","8.930","9.010","8.820","-1.12%"
"12/14/2018","8.920","8.960","9.000","8.940","-0.34%"
"12/13/2018","8.950","9.010","9.110","8.970","-1.43%"
"12/11/2018","9.080","9.070","9.460","9.040","0.22%"
"12/10/2018","9.060","9.070","9.080","9.070","0.44%"
"12/07/2018","9.020","9.050","9.120","9.030","-1.42%"
"12/06/2018","9.150","9.150","9.180","9.060","0.66%"
"12/05/2018","9.090","9.180","9.290","9.130","-0.55%"
"12/04/2018","9.140","9.100","9.280","9.100","1.11%"
"12/03/2018","9.040","9.160","9.170","8.910","-2.16%"
"11/30/2018","9.240","9.090","9.270","8.970","2.10%"
"11/29/2018","9.050","9.190","9.190","9.060","-1.42%"
"11/28/2018","9.180","9.230","9.360","9.190","-0.43%"
"11/27/2018","9.220","9.180","9.380","9.160","0.22%"
"11/26/2018","9.200","9.100","9.310","9.090","1.55%"
"11/23/2018","9.060","9.070","9.160","9.050","0.44%"
"11/22/2018","9.020","9.020","9.100","9.020","-0.55%"
"11/21/2018","9.070","9.070","9.090","9.010","-0.87%"
"11/20/2018","9.150","9.010","9.170","9.010","1.10%"
"11/16/2018","9.050","9.080","9.080","8.930","0.78%"
"11/15/2018","8.980","9.090","9.120","9.000","-1.21%"
"11/14/2018","9.090","8.970","9.110","8.940","0.89%"
"11/13/2018","9.010","8.930","9.090","8.920","1.58%"
"11/12/2018","8.870","8.950","8.950","8.880","-0.11%"
"11/09/2018","8.880","8.860","9.000","8.820","0.68%"
"11/08/2018","8.820","8.710","8.910","8.700","1.73%"
"11/07/2018","8.670","8.600","8.730","8.600","0.93%"
"11/06/2018","8.590","8.610","8.640","8.570","0.00%"
"11/05/2018","8.590","8.720","8.720","8.610","2.51%"
"11/04/2018","8.380","8.380","8.380","8.380","0.00%"
"11/03/2018","8.380","8.380","8.380","8.380","-4.66%"
"11/02/2018","8.790","8.380","8.790","8.380","0.23%"
"11/01/2018","8.770","8.780","8.810","8.750","-1.02%"
"10/31/2018","8.860","8.880","8.880","8.880","1.72%"
"10/30/2018","8.710","8.700","8.780","8.680","0.11%"
"10/29/2018","8.700","8.670","8.760","8.640","3.82%"
"10/28/2018","8.380","8.380","8.380","8.380","0.00%"
"10/27/2018","8.380","8.380","8.380","8.380","0.72%"
"10/26/2018","8.320","8.360","8.360","8.330","-0.24%"
"10/25/2018","8.340","8.390","8.390","8.350","0.00%"
"10/24/2018","8.340","8.330","8.380","8.310","0.60%"
"10/23/2018","8.290","8.380","8.410","8.300","-0.72%"
"10/22/2018","8.350","8.250","8.380","8.240","2.20%"
"10/21/2018","8.170","8.170","8.170","8.170","0.00%"
"10/20/2018","8.170","8.170","8.170","8.170","-0.37%"
"10/19/2018","8.200","8.180","8.250","8.160","0.74%"
"10/18/2018","8.140","8.150","8.200","8.150","0.62%"
"10/17/2018","8.090","8.100","8.150","8.090","0.50%"
"10/16/2018","8.050","8.080","8.130","8.070","-0.25%"
"10/15/2018","8.070","8.110","8.150","8.080","-1.34%"
"10/14/2018","8.180","8.180","8.180","8.180","0.00%"
"10/13/2018","8.180","8.180","8.180","8.180","0.99%"
"10/12/2018","8.100","8.140","8.160","8.060","-0.74%"
"10/11/2018","8.160","8.170","8.180","8.150","0.12%"
"10/10/2018","8.150","8.180","8.200","8.150","0.00%"
"10/09/2018","8.150","8.160","8.190","8.150","0.62%"
"10/08/2018","8.100","8.160","8.160","8.130","0.12%"
"10/05/2018","8.090","8.050","8.120","8.040","1.00%"
"10/04/2018","8.010","8.010","8.040","8.010","1.01%"
"10/03/2018","7.930","7.920","7.980","7.910","0.25%"
"10/02/2018","7.910","7.950","7.970","7.930","-0.25%"
"10/01/2018","7.930","7.920","7.950","7.910","0.25%"
"09/28/2018","7.910","7.910","7.980","7.910","0.25%"
"09/27/2018","7.890","7.960","7.960","7.910","-0.63%"
"09/26/2018","7.940","8.030","8.040","7.960","-1.24%"
"09/25/2018","8.040","8.050","8.060","8.030","0.50%"
"09/24/2018","8.000","8.020","8.050","8.020","-0.62%"
"09/22/2018","8.050","8.050","8.050","8.050","0.25%"
"09/21/2018","8.030","8.100","8.110","8.040","-0.25%"
"09/20/2018","8.050","8.060","8.100","8.060","0.25%"
"09/19/2018","8.030","8.020","8.070","8.020","0.00%"
"09/18/2018","8.030","8.040","8.060","8.040","0.00%"
"09/17/2018","8.030","8.020","8.050","7.980","0.00%"
"09/15/2018","8.030","8.030","8.030","8.030","0.25%"
"09/14/2018","8.010","7.980","8.040","7.980","0.38%"
"09/13/2018","7.980","8.010","8.030","7.990","-0.75%"
"09/12/2018","8.040","8.050","8.070","8.050","-0.25%"
"09/11/2018","8.060","8.100","8.110","8.090","0.00%"
"09/10/2018","8.060","8.080","8.090","8.080","0.25%"
"09/08/2018","8.040","8.040","8.040","8.040","0.00%"
"09/07/2018","8.040","8.020","8.080","8.010","0.50%"
"09/06/2018","8.000","8.020","8.050","8.000","-0.37%"
"09/05/2018","8.030","8.060","8.070","8.020","0.25%"
"09/04/2018","8.010","7.980","8.020","7.980","1.26%"
"09/03/2018","7.910","7.980","7.980","7.940","-0.25%"
"09/01/2018","7.930","7.930","7.930","7.930","0.25%"
"08/31/2018","7.910","7.930","7.960","7.910","0.13%"
"08/30/2018","7.900","7.910","7.940","7.900","0.38%"
"08/29/2018","7.870","7.900","7.910","7.870","0.64%"
"08/28/2018","7.820","7.790","7.870","7.780","1.03%"
"08/27/2018","7.740","7.810","7.840","7.770","-0.90%"
"08/25/2018","7.810","7.810","7.810","7.810","0.77%"
"08/24/2018","7.750","7.800","7.850","7.800","-0.64%"
"08/23/2018","7.800","7.820","7.830","7.810","0.39%"
"08/22/2018","7.770","7.820","7.850","7.790","-0.77%"
"08/21/2018","7.830","7.850","7.910","7.830","-0.25%"
"08/20/2018","7.850","7.890","7.900","7.870","0.13%"
"08/17/2018","7.840","7.930","7.930","7.880","-0.63%"
"08/16/2018","7.890","7.900","7.930","7.890","0.92%"
"08/15/2018","7.818","7.870","7.920","7.870","0.10%"
"08/14/2018","7.810","7.770","7.920","7.770","0.39%"
"08/13/2018","7.780","7.800","7.850","7.800","0.65%"
"08/10/2018","7.730","7.750","7.770","7.750","0.78%"
"08/09/2018","7.670","7.700","7.730","7.690","0.39%"
"08/08/2018","7.640","7.730","7.730","7.660","-0.52%"
"08/07/2018","7.680","7.680","7.740","7.680","-0.13%"
"08/06/2018","7.690","7.730","7.740","7.680","-0.90%"
"08/04/2018","7.760","7.760","7.760","7.760","0.91%"
"08/03/2018","7.690","7.690","7.720","7.690","-0.26%"
"08/02/2018","7.710","7.810","7.810","7.700","-0.64%"
"08/01/2018","7.760","7.770","7.800","7.770","0.26%"
"07/31/2018","7.740","7.790","7.800","7.750","0.39%"
"07/30/2018","7.710","7.760","7.800","7.750","-0.26%"
"07/28/2018","7.730","7.730","7.730","7.730","-0.26%"
"07/27/2018","7.750","7.690","7.770","7.690","0.52%"
"07/26/2018","7.710","7.730","7.810","7.700","0.13%"
"07/25/2018","7.700","7.780","7.790","7.720","-0.39%"
"07/24/2018","7.730","7.760","7.830","7.720","0.78%"
"07/23/2018","7.670","7.720","7.760","7.710","-0.39%"
"07/21/2018","7.700","7.700","7.700","7.700","0.52%"
"07/20/2018","7.660","7.700","7.750","7.690","-0.52%"
"07/19/2018","7.700","7.700","7.750","7.690","0.79%"
"07/18/2018","7.640","7.720","7.740","7.660","-0.65%"
"07/17/2018","7.690","7.780","7.790","7.720","-0.13%"
"07/16/2018","7.700","7.760","7.790","7.760","-0.52%"
"07/13/2018","7.740","7.800","7.800","7.760","0.78%"
"07/12/2018","7.680","7.720","7.800","7.710","-0.13%"
"07/11/2018","7.690","7.680","7.790","7.670","0.26%"
"07/10/2018","7.670","7.710","7.720","7.660","-0.52%"
"07/09/2018","7.710","7.720","7.770","7.710","0.13%"
"07/07/2018","7.700","7.700","7.700","7.700","0.26%"
"07/06/2018","7.680","7.690","7.690","7.680","1.32%"
"07/05/2018","7.580","7.650","7.680","7.640","-0.39%"
"07/04/2018","7.610","7.620","7.630","7.620","0.66%"
"07/03/2018","7.560","7.600","7.660","7.590","-1.18%"
"07/02/2018","7.650","7.690","7.750","7.690","0.92%"
"06/30/2018","7.580","7.580","7.580","7.580","0.00%"
"06/29/2018","7.580","7.580","7.640","7.550","0.00%"
"06/28/2018","7.580","7.670","7.670","7.610","-1.04%"
"06/27/2018","7.660","7.710","7.750","7.710","0.26%"
"06/26/2018","7.640","7.700","7.710","7.680","-1.04%"
"06/25/2018","7.720","7.790","7.790","7.740","-0.39%"
"06/23/2018","7.750","7.750","7.750","7.750","0.39%"
"06/22/2018","7.720","7.790","7.790","7.720","-0.64%"
"06/21/2018","7.770","7.780","7.850","7.750","-0.26%"
"06/20/2018","7.790","7.790","7.840","7.780","-1.39%"
"06/19/2018","7.900","7.920","7.950","7.840","0.00%"
"06/18/2018","7.900","8.030","8.040","7.910","-1.74%"
"06/16/2018","8.040","8.040","8.040","8.040","0.63%"
"06/15/2018","7.990","8.010","8.060","7.990","0.76%"
"06/14/2018","7.930","7.930","8.010","7.910","0.38%"
"06/13/2018","7.900","7.920","8.000","7.910","-0.38%"
"06/12/2018","7.930","7.870","7.970","7.870","0.89%"
"06/11/2018","7.860","7.870","7.900","7.860","0.51%"
"06/08/2018","7.820","7.850","7.870","7.840","-0.26%"
"06/07/2018","7.840","7.850","7.890","7.840","1.16%"
"06/06/2018","7.750","7.830","7.861","7.800","-0.90%"
"06/05/2018","7.820","7.900","7.900","7.830","-0.11%"
"06/04/2018","7.829","7.850","7.870","7.840","-0.27%"
"06/02/2018","7.850","7.850","7.850","7.850","0.38%"
"06/01/2018","7.820","7.830","7.880","7.780","0.51%"
"05/31/2018","7.780","7.830","7.860","7.780","0.65%"
"05/30/2018","7.730","7.720","7.830","7.650","0.91%"
"05/29/2018","7.660","7.670","7.750","7.670","0.39%"
"05/28/2018","7.630","7.640","7.670","7.640","-0.61%"
"05/26/2018","7.677","7.677","7.677","7.677","0.75%"
"05/25/2018","7.620","7.680","7.690","7.620","-0.52%"
"05/24/2018","7.660","7.700","7.740","7.670","0.26%"
"05/23/2018","7.640","7.780","7.780","7.690","-0.91%"
"05/22/2018","7.710","7.740","7.800","7.740","0.00%"
"05/21/2018","7.710","7.820","7.830","7.760","-1.41%"
"05/20/2018","7.820","7.820","7.820","7.820","0.00%"
"05/19/2018","7.820","7.860","7.860","7.820","0.77%"
"05/18/2018","7.760","7.800","7.860","7.790","0.26%"
"05/17/2018","7.740","7.780","7.800","7.740","0.00%"
"05/16/2018","7.740","7.790","7.790","7.740","-0.39%"
"05/15/2018","7.770","7.770","7.800","7.760","1.30%"
"05/14/2018","7.670","7.640","7.690","7.630","0.52%"
"05/12/2018","7.630","7.610","7.630","7.610","0.53%"
"05/11/2018","7.590","7.540","7.630","7.520","0.26%"
"05/10/2018","7.570","7.630","7.650","7.610","-1.56%"
"05/09/2018","7.690","7.750","7.780","7.700","-0.26%"
"05/08/2018","7.710","7.650","7.730","7.650","0.92%"
"05/07/2018","7.640","7.640","7.650","7.620","0.66%"
"05/05/2018","7.590","7.590","7.590","7.590","0.40%"
"05/04/2018","7.560","7.550","7.590","7.540","0.53%"
"05/03/2018","7.520","7.550","7.550","7.510","0.27%"
"05/02/2018","7.500","7.550","7.560","7.480","0.00%"
"05/01/2018","7.500","7.500","7.500","7.500","0.54%"
"04/30/2018","7.460","7.400","7.530","7.400","-0.13%"
"04/28/2018","7.470","7.460","7.470","7.460","0.40%"
"04/27/2018","7.440","7.500","7.520","7.450","-1.20%"
"04/26/2018","7.530","7.520","7.570","7.470","0.13%"
"04/25/2018","7.520","7.620","7.670","7.550","-0.33%"
"04/24/2018","7.545","7.530","7.620","7.510","-0.33%"
"04/23/2018","7.570","7.530","7.590","7.460","0.93%"
"04/21/2018","7.500","7.500","7.500","7.500","0.40%"
"04/20/2018","7.470","7.500","7.530","7.490","0.40%"
"04/19/2018","7.440","7.400","7.470","7.340","1.22%"
"04/18/2018","7.350","7.340","7.390","7.310","-0.14%"
"04/17/2018","7.360","7.370","7.430","7.350","-0.54%"
"04/16/2018","7.400","7.300","7.420","7.300","0.68%"
"04/14/2018","7.350","7.360","7.360","7.350","0.27%"
"04/13/2018","7.330","7.290","7.390","7.290","0.41%"
"04/12/2018","7.300","7.310","7.400","7.290","-0.41%"
"04/11/2018","7.330","7.310","7.370","7.310","0.27%"
"04/10/2018","7.310","7.280","7.350","7.280","0.69%"
"04/09/2018","7.260","7.250","7.310","7.250","-0.27%"
"04/07/2018","7.280","7.280","7.280","7.280","0.41%"
"04/06/2018","7.250","7.280","7.310","7.260","-0.55%"
"04/05/2018","7.290","7.240","7.310","7.230","0.55%"
"04/04/2018","7.250","7.350","7.350","7.270","-0.82%"
"04/03/2018","7.310","7.360","7.390","7.320","-0.81%"
"04/02/2018","7.370","7.360","7.410","7.360","0.41%"
"03/29/2018","7.340","7.330","7.340","7.330","0.69%"
"03/28/2018","7.290","7.390","7.390","7.300","-0.82%"
"03/27/2018","7.350","7.440","7.440","7.360","-0.81%"
"03/26/2018","7.410","7.490","7.490","7.420","-0.66%"
"03/24/2018","7.459","7.500","7.500","7.459","-0.15%"
"03/23/2018","7.470","7.540","7.540","7.470","-0.27%"
"03/22/2018","7.490","7.540","7.560","7.510","-0.66%"
"03/21/2018","7.540","7.530","7.610","7.500","-0.13%"
"03/20/2018","7.550","7.550","7.580","7.550","0.13%"
"03/17/2018","7.540","7.459","7.540","7.459","1.63%"
"03/16/2018","7.419","7.590","7.590","7.459","-1.87%"
"03/15/2018","7.560","7.600","7.600","7.570","0.00%"
"03/14/2018","7.560","7.570","7.600","7.540","0.27%"
"03/13/2018","7.540","7.540","7.570","7.530","0.13%"
"03/12/2018","7.530","7.550","7.560","7.537","-0.26%"
"03/10/2018","7.550","7.550","7.550","7.550","0.40%"
"03/09/2018","7.520","7.540","7.563","7.530","-0.40%"
"03/08/2018","7.550","7.570","7.590","7.520","0.00%"
"03/07/2018","7.550","7.610","7.610","7.560","-0.13%"
"03/06/2018","7.560","7.600","7.620","7.580","-0.66%"
"03/05/2018","7.610","7.610","7.670","7.610","-0.13%"
"03/03/2018","7.620","7.620","7.620","7.620","0.53%"
"03/02/2018","7.580","7.650","7.650","7.580","-0.13%"
"03/01/2018","7.590","7.651","7.680","7.590","-0.39%"
"02/28/2018","7.620","7.700","7.700","7.620","-0.26%"
"02/27/2018","7.640","7.690","7.690","7.630","0.13%"
"02/26/2018","7.630","7.670","7.670","7.630","-0.13%"
"02/24/2018","7.640","7.630","7.640","7.630","0.39%"
"02/23/2018","7.610","7.620","7.630","7.620","0.00%"
"02/22/2018","7.610","7.710","7.710","7.640","-1.04%"
"02/21/2018","7.690","7.760","7.760","7.660","-0.39%"
"02/20/2018","7.720","7.698","7.750","7.698","0.39%"
"02/19/2018","7.690","7.710","7.710","7.680","-0.77%"
"02/18/2018","7.750","7.750","7.750","7.750","0.00%"
"02/17/2018","7.750","7.710","7.750","7.710","1.04%"
"02/16/2018","7.670","7.740","7.740","7.710","-0.52%"
"02/15/2018","7.710","7.760","7.820","7.720","-1.03%"
"02/14/2018","7.790","7.800","7.840","7.760","0.52%"
"02/13/2018","7.750","7.770","7.780","7.680","0.13%"
"02/12/2018","7.740","7.770","7.780","7.720","0.39%"
"02/10/2018","7.710","7.770","7.770","7.710","0.39%"
"02/09/2018","7.680","7.680","7.770","7.680","0.52%"
"02/08/2018","7.640","7.660","7.660","7.650","0.92%"
"02/07/2018","7.570","7.610","7.610","7.610","-0.39%"
"02/06/2018","7.600","7.590","7.660","7.570","0.00%"
"02/03/2018","7.600","7.600","7.600","7.600","0.40%"
"02/02/2018","7.570","7.580","7.620","7.550","0.26%"
"02/01/2018","7.550","7.610","7.620","7.540","-0.53%"
"01/31/2018","7.590","7.670","7.680","7.570","-0.65%"
"01/30/2018","7.640","7.620","7.660","7.570","1.87%"
"01/29/2018","7.500","7.590","7.630","7.539","0.55%"
"01/27/2018","7.459","7.540","7.550","7.459","-0.82%"
"01/26/2018","7.521","7.570","7.580","7.520","0.28%"
"01/25/2018","7.500","7.470","7.560","7.460","0.27%"
"01/24/2018","7.480","7.520","7.530","7.440","-0.13%"
"01/23/2018","7.490","7.630","7.640","7.510","-1.02%"
"01/22/2018","7.567","7.580","7.630","7.570","-0.30%"
"01/20/2018","7.590","7.590","7.590","7.590","0.40%"
"01/19/2018","7.560","7.600","7.600","7.560","0.13%"
"01/18/2018","7.550","7.556","7.600","7.550","-0.08%"
"01/17/2018","7.556","7.570","7.570","7.510","0.11%"
"01/16/2018","7.548","7.560","7.590","7.520","0.24%"
"01/15/2018","7.530","7.520","7.580","7.520","-0.66%"
"01/13/2018","7.580","7.580","7.580","7.580","0.26%"
"01/12/2018","7.560","7.590","7.592","7.540","-0.26%"
"01/11/2018","7.580","7.640","7.640","7.570","0.00%"
"01/10/2018","7.580","7.520","7.590","7.520","1.34%"
"01/09/2018","7.480","7.480","7.510","7.450","0.67%"
"01/08/2018","7.430","7.480","7.480","7.420","-0.39%"
"01/06/2018","7.459","7.480","7.480","7.459","0.12%"
"01/05/2018","7.450","7.500","7.500","7.450","0.13%"
"01/04/2018","7.440","7.563","7.590","7.450","-0.80%"
"01/03/2018","7.500","7.570","7.570","7.480","-0.66%"
"01/02/2018","7.550","7.690","7.690","7.570","-2.20%"
"12/30/2017","7.720","7.720","7.720","7.720","0.26%"
"12/29/2017","7.700","7.720","7.720","7.720","0.00%"
"12/28/2017","7.700","7.740","7.740","7.720","-1.16%"
"12/27/2017","7.790","7.810","7.810","7.810","0.00%"
"12/26/2017","7.790","7.780","7.810","7.760","0.13%"
"12/23/2017","7.780","7.780","7.780","7.780","0.61%"
"12/22/2017","7.733","7.710","7.810","7.710","0.82%"
"12/21/2017","7.670","7.610","7.680","7.610","1.19%"
"12/20/2017","7.580","7.570","7.630","7.540","0.40%"
"12/19/2017","7.550","7.460","7.560","7.440","1.34%"
"12/18/2017","7.450","7.550","7.550","7.460","-0.12%"
"12/16/2017","7.459","7.480","7.480","7.459","0.97%"
"12/15/2017","7.387","7.410","7.480","7.410","-0.04%"
"12/14/2017","7.390","7.390","7.400","7.390","0.41%"
"12/13/2017","7.360","7.360","7.380","7.360","-0.14%"
"12/12/2017","7.370","7.330","7.370","7.330","0.96%"
"12/11/2017","7.300","7.320","7.330","7.310","0.00%"
"12/09/2017","7.300","7.300","7.300","7.300","0.55%"
"12/08/2017","7.260","7.320","7.320","7.300","-0.41%"
"12/07/2017","7.290","7.340","7.350","7.300","0.00%"
"12/06/2017","7.290","7.350","7.350","7.310","0.00%"
"12/05/2017","7.290","7.300","7.320","7.290","0.41%"
"12/04/2017","7.260","7.270","7.280","7.270","0.00%"
"12/02/2017","7.260","7.260","7.260","7.260","0.28%"
"12/01/2017","7.240","7.290","7.290","7.250","-0.28%"
"11/30/2017","7.260","7.270","7.280","7.270","0.41%"
"11/29/2017","7.230","7.240","7.270","7.240","0.00%"
"11/28/2017","7.230","7.220","7.240","7.220","0.28%"
"11/27/2017","7.210","7.270","7.270","7.210","-0.55%"
"11/26/2017","7.250","7.250","7.250","7.250","-0.14%"
"11/25/2017","7.260","7.260","7.260","7.260","0.28%"
"11/24/2017","7.240","7.280","7.290","7.260","0.28%"
"11/23/2017","7.220","7.240","7.240","7.230","0.42%"
"11/22/2017","7.190","7.220","7.260","7.200","-0.42%"
"11/21/2017","7.220","7.280","7.280","7.230","-0.82%"
"11/20/2017","7.280","7.280","7.330","7.280","-0.14%"
"11/18/2017","7.290","7.290","7.290","7.290","0.55%"
"11/17/2017","7.250","7.280","7.310","7.280","-0.68%"
"11/16/2017","7.300","7.380","7.380","7.310","-0.68%"
"11/15/2017","7.350","7.300","7.390","7.300","0.82%"
"11/14/2017","7.290","7.300","7.330","7.300","0.41%"
"11/13/2017","7.260","7.290","7.320","7.270","-0.27%"
"11/11/2017","7.280","7.280","7.280","7.280","0.41%"
"11/10/2017","7.250","7.260","7.280","7.220","0.69%"
"11/09/2017","7.200","7.242","7.290","7.200","-0.08%"
"11/08/2017","7.206","7.230","7.260","7.180","-0.06%"
"11/07/2017","7.210","7.230","7.260","7.160","0.42%"
"11/06/2017","7.180","7.240","7.250","7.190","-1.10%"
"11/04/2017","7.260","7.260","7.260","7.260","0.55%"
"11/03/2017","7.220","7.220","7.290","7.220","-0.69%"
"11/02/2017","7.270","7.270","7.270","7.270","0.55%"
"11/01/2017","7.230","7.250","7.270","7.250","0.14%"
"10/31/2017","7.220","7.290","7.390","7.250","-0.82%"
"10/30/2017","7.280","7.290","7.320","7.290","0.00%"
"10/29/2017","7.280","7.280","7.280","7.280","0.00%"
"10/28/2017","7.280","7.280","7.280","7.280","0.55%"
"10/27/2017","7.240","7.260","7.300","7.230","-0.34%"
"10/26/2017","7.265","7.230","7.310","7.220","0.21%"
"10/25/2017","7.250","7.290","7.290","7.180","0.28%"
"10/24/2017","7.230","7.200","7.270","7.200","0.98%"
"10/23/2017","7.160","7.160","7.190","7.130","0.00%"
"10/22/2017","7.160","7.160","7.160","7.160","0.00%"
"10/21/2017","7.160","7.160","7.160","7.160","0.28%"
"10/20/2017","7.140","7.150","7.180","7.110","1.42%"
"10/19/2017","7.040","7.070","7.090","7.030","-0.42%"
"10/18/2017","7.070","7.150","7.160","7.050","-0.98%"
"10/17/2017","7.140","7.280","7.286","7.130","-1.79%"
"10/16/2017","7.270","7.260","7.310","7.260","0.69%"
"10/14/2017","7.220","7.220","7.220","7.220","0.28%"
"10/13/2017","7.200","7.190","7.250","7.150","2.27%"
"10/12/2017","7.040","7.050","7.070","7.040","0.14%"
"10/11/2017","7.030","7.070","7.100","7.020","0.62%"
"10/10/2017","6.987","6.990","7.100","6.970","-0.04%"
"10/09/2017","6.990","7.128","7.128","6.960","-2.36%"
"10/07/2017","7.159","7.159","7.159","7.159","0.53%"
"10/06/2017","7.121","7.040","7.159","7.010","2.31%"
"10/05/2017","6.960","6.880","6.970","6.880","1.49%"
"10/04/2017","6.858","6.860","6.870","6.840","0.70%"
"10/03/2017","6.810","6.830","6.840","6.799","0.29%"
"10/02/2017","6.790","6.810","6.810","6.770","-0.15%"
"09/30/2017","6.800","6.800","6.800","6.800","0.29%"
"09/29/2017","6.780","6.770","6.800","6.750","-0.44%"
"09/28/2017","6.810","6.830","6.850","6.790","0.89%"
"09/27/2017","6.750","6.760","6.790","6.710","0.75%"
"09/26/2017","6.700","6.710","6.750","6.690","0.00%"
"09/25/2017","6.700","6.718","6.740","6.700","-0.34%"
"09/23/2017","6.723","6.723","6.723","6.723","0.61%"
"09/22/2017","6.682","6.730","6.735","6.680","-0.71%"
"09/21/2017","6.730","6.810","6.810","6.730","-0.88%"
"09/20/2017","6.790","6.800","6.850","6.770","-0.06%"
"09/19/2017","6.794","6.770","6.800","6.770","0.35%"
"09/18/2017","6.770","6.770","6.780","6.770","0.15%"
"09/16/2017","6.760","6.760","6.760","6.760","0.15%"
"09/15/2017","6.750","6.770","6.800","6.750","-0.15%"
"09/14/2017","6.760","6.760","6.790","6.744","0.72%"
"09/13/2017","6.712","6.740","6.760","6.730","0.18%"
"09/12/2017","6.700","6.740","6.750","6.720","0.00%"
"09/11/2017","6.700","6.750","6.750","6.710","-0.30%"
"09/09/2017","6.720","6.720","6.720","6.720","0.30%"
"09/08/2017","6.700","6.740","6.750","6.710","-0.50%"
"09/07/2017","6.734","6.800","6.810","6.720","-1.26%"
"09/06/2017","6.820","6.840","6.860","6.830","0.00%"
"09/05/2017","6.820","6.830","6.860","6.820","-0.03%"
"09/04/2017","6.822","6.840","6.840","6.840","-0.06%"
"09/02/2017","6.826","6.826","6.826","6.826","0.18%"
"09/01/2017","6.814","6.820","6.830","6.820","0.32%"
"08/31/2017","6.792","6.810","6.820","6.800","-0.09%"
"08/30/2017","6.798","6.810","6.810","6.800","-0.15%"
"08/29/2017","6.808","6.820","6.820","6.810","-0.09%"
"08/28/2017","6.814","6.810","6.830","6.810","0.06%"
"08/26/2017","6.810","6.810","6.810","6.810","0.44%"
"08/25/2017","6.780","6.800","6.810","6.780","-0.15%"
"08/24/2017","6.790","6.790","6.820","6.790","0.30%"
"08/23/2017","6.770","6.788","6.800","6.770","0.00%"
"08/22/2017","6.770","6.790","6.790","6.770","0.15%"
"08/21/2017","6.760","6.780","6.790","6.760","-0.87%"
"08/19/2017","6.819","6.819","6.819","6.819","0.58%"
"08/18/2017","6.780","6.830","6.850","6.790","-0.44%"
"08/17/2017","6.810","6.840","6.840","6.810","0.00%"
"08/16/2017","6.810","6.830","6.840","6.810","-0.38%"
"08/15/2017","6.836","6.860","6.860","6.844","0.56%"
"08/14/2017","6.798","6.810","6.810","6.800","-0.32%"
"08/12/2017","6.820","6.820","6.820","6.820","0.44%"
"08/11/2017","6.790","6.820","6.842","6.800","-0.29%"
"08/10/2017","6.810","6.860","6.880","6.820","-0.58%"
"08/09/2017","6.850","6.880","6.890","6.847","0.15%"
"08/08/2017","6.840","6.840","6.860","6.832","0.15%"
"08/07/2017","6.830","6.850","6.860","6.840","-0.29%"
"08/06/2017","6.850","6.850","6.850","6.850","0.00%"
"08/05/2017","6.850","6.850","6.850","6.850","0.44%"
"08/04/2017","6.820","6.830","6.850","6.820","0.29%"
"08/03/2017","6.800","6.810","6.830","6.810","-0.38%"
"08/02/2017","6.826","6.850","6.860","6.830","0.09%"
"08/01/2017","6.820","6.830","6.860","6.810","0.00%"
"07/31/2017","6.820","6.870","6.870","6.820","-0.44%"
"07/29/2017","6.850","6.850","6.850","6.850","0.44%"
"07/28/2017","6.820","6.830","6.860","6.820","-0.15%"
"07/27/2017","6.830","6.840","6.880","6.800","0.29%"
"07/26/2017","6.810","6.860","6.880","6.810","-0.73%"
"07/25/2017","6.860","6.870","6.890","6.870","0.59%"
"07/24/2017","6.820","6.840","6.860","6.830","-0.29%"
"07/22/2017","6.840","6.840","6.840","6.840","0.44%"
"07/21/2017","6.810","6.810","6.840","6.810","0.29%"
"07/20/2017","6.790","6.810","6.820","6.800","-0.15%"
"07/19/2017","6.800","6.800","6.830","6.780","0.29%"
"07/18/2017","6.780","6.770","6.810","6.760","0.15%"
"07/17/2017","6.770","6.770","6.800","6.770","-0.46%"
"07/16/2017","6.801","6.801","6.801","6.801","0.00%"
"07/15/2017","6.801","6.801","6.801","6.801","0.61%"
"07/14/2017","6.760","6.780","6.801","6.760","-0.21%"
"07/13/2017","6.774","6.790","6.870","6.790","0.06%"
"07/12/2017","6.770","6.740","6.791","6.740","-0.15%"
"07/11/2017","6.780","6.800","6.820","6.780","0.44%"
"07/10/2017","6.750","6.770","6.800","6.730","-0.59%"
"07/08/2017","6.790","6.790","6.790","6.790","0.30%"
"07/07/2017","6.770","6.830","6.840","6.780","-0.73%"
"07/06/2017","6.820","6.820","6.870","6.800","0.74%"
"07/05/2017","6.770","6.850","6.850","6.770","0.15%"
"07/04/2017","6.760","6.870","6.890","6.790","0.06%"
"07/03/2017","6.756","6.800","6.850","6.790","-0.35%"
"07/02/2017","6.780","6.780","6.780","6.780","0.00%"
"07/01/2017","6.780","6.780","6.780","6.780","0.44%"
"06/30/2017","6.750","6.720","6.790","6.690","0.75%"
"06/29/2017","6.700","6.720","6.750","6.676","0.45%"
"06/28/2017","6.670","6.780","6.780","6.680","-0.80%"
"06/27/2017","6.724","6.670","6.810","6.670","1.23%"
"06/26/2017","6.642","6.630","6.680","6.630","-0.42%"
"06/25/2017","6.670","6.670","6.670","6.670","0.00%"
"06/24/2017","6.670","6.670","6.670","6.670","0.30%"
"06/23/2017","6.650","6.730","6.810","6.640","-2.21%"
"06/22/2017","6.800","6.920","6.990","6.880","-2.02%"
"06/21/2017","6.940","6.980","7.010","6.930","0.29%"
"06/20/2017","6.920","6.890","6.980","6.878","1.47%"
"06/19/2017","6.820","6.870","6.940","6.840","-0.58%"
"06/17/2017","6.860","6.860","6.860","6.860","0.44%"
"06/16/2017","6.830","6.930","6.980","6.840","-1.70%"
"06/15/2017","6.948","7.050","7.050","6.940","-0.17%"
"06/14/2017","6.960","7.040","7.040","6.940","-1.28%"
"06/13/2017","7.050","7.120","7.160","7.060","-0.42%"
"06/12/2017","7.080","7.090","7.110","7.070","0.00%"
"06/10/2017","7.080","7.080","7.080","7.080","0.14%"
"06/09/2017","7.070","7.110","7.130","7.070","-0.23%"
"06/08/2017","7.086","7.160","7.160","7.060","-0.06%"
"06/07/2017","7.090","7.130","7.170","7.100","0.31%"
"06/06/2017","7.068","7.140","7.140","7.070","-1.26%"
"06/05/2017","7.158","7.200","7.210","7.160","-1.30%"
"06/03/2017","7.252","7.252","7.252","7.252","0.06%"
"06/02/2017","7.248","7.240","7.280","7.230","-0.28%"
"06/01/2017","7.268","7.280","7.300","7.250","-0.63%"
"05/31/2017","7.314","7.360","7.360","7.290","0.34%"
"05/30/2017","7.289","7.340","7.360","7.320","0.04%"
"05/27/2017","7.286","7.286","7.286","7.286","0.03%"
"05/26/2017","7.284","7.320","7.350","7.280","0.05%"
"05/25/2017","7.280","7.292","7.320","7.250","0.14%"
"05/24/2017","7.270","7.280","7.350","7.270","-0.14%"
"05/23/2017","7.280","7.260","7.330","7.260","0.41%"
"05/22/2017","7.250","7.220","7.280","7.210","0.28%"
"05/20/2017","7.230","7.230","7.230","7.230","0.14%"
"05/19/2017","7.220","7.160","7.270","7.159","2.37%"
"05/18/2017","7.053","7.110","7.230","7.079","0.33%"
"05/17/2017","7.030","7.140","7.150","7.049","-1.40%"
"05/16/2017","7.130","7.160","7.160","7.109","-0.20%"
"05/15/2017","7.144","7.130","7.160","7.130","-0.67%"
"05/13/2017","7.192","7.192","7.192","7.192","0.62%"
"05/12/2017","7.148","7.190","7.200","7.160","-0.45%"
"05/11/2017","7.180","7.240","7.250","7.200","-0.28%"
"05/10/2017","7.200","7.240","7.240","7.200","-0.41%"
"05/09/2017","7.230","7.240","7.260","7.200","0.56%"
"05/08/2017","7.190","7.190","7.210","7.160","0.28%"
"05/07/2017","7.170","7.170","7.170","7.170","0.00%"
"05/06/2017","7.170","7.170","7.170","7.170","0.28%"
"05/05/2017","7.150","7.190","7.270","7.149","-0.47%"
"05/04/2017","7.184","7.160","7.210","7.149","1.13%"
"05/03/2017","7.104","7.100","7.140","7.089","0.48%"
"05/02/2017","7.070","7.150","7.150","7.089","-1.26%"
"05/01/2017","7.160","7.170","7.170","7.160","0.14%"
"04/29/2017","7.150","7.150","7.150","7.150","0.42%"
"04/28/2017","7.120","7.190","7.190","7.140","-0.56%"
"04/27/2017","7.160","7.160","7.230","7.160","-0.42%"
"04/26/2017","7.190","7.160","7.230","7.160","0.70%"
"04/25/2017","7.140","7.190","7.210","7.170","0.14%"
"04/24/2017","7.130","7.110","7.160","7.110","-0.14%"
"04/22/2017","7.140","7.140","7.140","7.140","0.20%"
"04/21/2017","7.126","7.160","7.160","7.120","0.69%"
"04/20/2017","7.077","7.080","7.140","7.079","-0.10%"
"04/19/2017","7.084","7.080","7.110","7.070","0.65%"
"04/18/2017","7.038","7.020","7.050","7.019","-0.03%"
"04/17/2017","7.040","7.070","7.070","7.039","-0.98%"
"04/13/2017","7.110","7.130","7.130","7.110","0.00%"
"04/12/2017","7.110","7.150","7.150","7.100","-0.22%"
"04/11/2017","7.126","7.140","7.160","7.130","0.65%"
"04/10/2017","7.080","7.110","7.140","7.110","0.00%"
"04/09/2017","7.080","7.080","7.080","7.080","0.18%"
"04/08/2017","7.067","7.067","7.067","7.067","0.24%"
"04/07/2017","7.050","7.060","7.090","7.049","0.21%"
"04/06/2017","7.035","7.030","7.110","7.029","0.50%"
"04/05/2017","7.000","7.098","7.100","7.019","-0.98%"
"04/04/2017","7.069","7.110","7.130","7.079","0.94%"
"04/03/2017","7.003","7.059","7.090","7.049","-0.06%"
"04/01/2017","7.007","7.007","7.007","7.007","0.01%"
"03/31/2017","7.006","7.009","7.030","6.989","0.03%"
"03/30/2017","7.004","7.060","7.080","7.000","-0.65%"
"03/29/2017","7.050","7.160","7.160","7.050","-1.12%"
"03/28/2017","7.130","7.130","7.170","7.069","0.85%"
"03/27/2017","7.070","7.039","7.110","7.009","0.28%"
"03/26/2017","7.050","7.050","7.050","7.050","0.00%"
"03/25/2017","7.050","7.050","7.050","7.050","0.28%"
"03/24/2017","7.030","7.140","7.160","7.039","-0.42%"
"03/23/2017","7.060","7.140","7.160","7.069","-0.98%"
"03/22/2017","7.130","7.209","7.230","7.129","-1.52%"
"03/21/2017","7.240","7.230","7.240","7.189","-0.14%"
"03/20/2017","7.250","7.250","7.300","7.250","-0.17%"
"03/18/2017","7.262","7.262","7.262","7.262","0.19%"
"03/17/2017","7.248","7.270","7.310","7.239","-0.04%"
"03/16/2017","7.251","7.240","7.330","7.199","0.04%"
"03/15/2017","7.248","7.330","7.370","7.249","-1.33%"
"03/14/2017","7.346","7.370","7.370","7.330","0.08%"
"03/13/2017","7.340","7.400","7.400","7.340","-0.78%"
"03/11/2017","7.398","7.398","7.398","7.398","0.38%"
"03/10/2017","7.370","7.420","7.420","7.360","-0.41%"
"03/09/2017","7.400","7.370","7.530","7.360","1.51%"
"03/08/2017","7.290","7.331","7.360","7.320","-0.83%"
"03/07/2017","7.351","7.340","7.409","7.300","0.93%"
"03/06/2017","7.283","7.310","7.340","7.240","-0.23%"
"03/04/2017","7.300","7.300","7.300","7.300","0.27%"
"03/03/2017","7.280","7.430","7.430","7.280","-1.27%"
"03/02/2017","7.374","7.394","7.450","7.380","-0.27%"
"03/01/2017","7.394","7.440","7.460","7.360","0.33%"
"02/28/2017","7.370","7.320","7.430","7.310","0.82%"
"02/27/2017","7.310","7.270","7.340","7.260","0.55%"
"02/25/2017","7.270","7.270","7.270","7.270","0.54%"
"02/24/2017","7.231","7.250","7.290","7.240","-0.07%"
"02/23/2017","7.236","7.280","7.290","7.180","-0.06%"
"02/22/2017","7.240","7.340","7.340","7.270","-0.82%"
"02/21/2017","7.300","7.420","7.470","7.300","-1.27%"
"02/20/2017","7.394","7.430","7.470","7.396","-0.08%"
"02/18/2017","7.400","7.400","7.400","7.400","0.00%"
"02/17/2017","7.400","7.410","7.510","7.390","-0.35%"
"02/16/2017","7.426","7.400","7.460","7.360","1.12%"
"02/15/2017","7.344","7.390","7.470","7.380","0.88%"
"02/14/2017","7.280","7.300","7.410","7.280","0.00%"
"02/13/2017","7.280","7.370","7.370","7.280","-0.68%"
"02/11/2017","7.330","7.330","7.330","7.330","0.55%"
"02/10/2017","7.290","7.390","7.460","7.320","-0.95%"
"02/09/2017","7.360","7.280","7.410","7.270","0.85%"
"02/08/2017","7.298","7.400","7.400","7.300","-1.11%"
"02/07/2017","7.380","7.410","7.490","7.380","-1.60%"
"02/06/2017","7.500","7.500","7.500","7.500","0.94%"
"02/04/2017","7.430","7.430","7.430","7.430","0.27%"
"02/03/2017","7.410","7.410","7.490","7.369","0.14%"
"02/02/2017","7.400","7.400","7.440","7.360","0.27%"
"02/01/2017","7.380","7.369","7.450","7.369","0.00%"
"01/31/2017","7.380","7.450","7.470","7.370","-0.81%"
"01/30/2017","7.440","7.500","7.500","7.450","-0.80%"
"01/28/2017","7.500","7.500","7.500","7.500","0.27%"
"01/27/2017","7.480","7.580","7.580","7.490","-1.06%"
"01/26/2017","7.560","7.560","7.650","7.529","-0.40%"
"01/25/2017","7.590","7.600","7.690","7.589","0.26%"
"01/24/2017","7.570","7.600","7.660","7.569","0.16%"
"01/23/2017","7.558","7.630","7.660","7.560","-1.07%"
"01/21/2017","7.640","7.640","7.640","7.640","0.26%"
"01/20/2017","7.620","7.730","7.740","7.590","-0.78%"
"01/19/2017","7.680","7.780","7.790","7.680","0.13%"
"01/18/2017","7.670","7.630","7.750","7.620","0.66%"
"01/17/2017","7.620","7.670","7.690","7.570","0.66%"
"01/16/2017","7.570","7.570","7.670","7.570","0.13%"
"01/14/2017","7.560","7.560","7.560","7.560","0.27%"
"01/13/2017","7.540","7.580","7.580","7.530","0.00%"
"01/12/2017","7.540","7.670","7.690","7.560","-1.31%"
"01/11/2017","7.640","7.800","7.830","7.670","-1.16%"
"01/10/2017","7.730","7.700","7.770","7.680","1.10%"
"01/09/2017","7.646","7.640","7.680","7.550","0.30%"
"01/07/2017","7.623","7.623","7.623","7.623","0.47%"
"01/06/2017","7.587","7.780","7.780","7.623","-2.39%"
"01/05/2017","7.773","7.630","7.799","7.579","1.71%"
"01/04/2017","7.642","7.580","7.700","7.580","0.95%"
"01/03/2017","7.570","7.499","7.620","7.459","1.88%"
"01/02/2017","7.430","7.450","7.490","7.450","-0.27%"
"12/31/2016","7.450","7.450","7.450","7.450","0.54%"
"12/30/2016","7.410","7.440","7.480","7.429","-0.80%"
"12/29/2016","7.470","7.579","7.600","7.479","-1.32%"
"12/28/2016","7.570","7.599","7.650","7.569","0.80%"
"12/27/2016","7.510","7.469","7.610","7.469","1.35%"
"12/26/2016","7.410","7.429","7.470","7.419","-0.38%"
"12/24/2016","7.438","7.438","7.438","7.438","0.49%"
"12/23/2016","7.402","7.400","7.440","7.380","0.57%"
"12/22/2016","7.360","7.330","7.420","7.310","1.38%"
"12/21/2016","7.260","7.340","7.340","7.280","0.00%"
"12/20/2016","7.260","7.273","7.320","7.270","0.28%"
"12/19/2016","7.240","7.370","7.370","7.260","-1.76%"
"12/17/2016","7.370","7.370","7.370","7.370","0.27%"
"12/16/2016","7.350","7.328","7.410","7.320","0.68%"
"12/15/2016","7.300","7.280","7.380","7.270","0.55%"
"12/14/2016","7.260","7.270","7.310","7.249","-0.41%"
"12/13/2016","7.290","7.230","7.340","7.230","-1.22%"
"12/12/2016","7.380","7.380","7.380","7.380","0.90%"
"12/10/2016","7.314","7.314","7.314","7.314","0.25%"
"12/09/2016","7.296","7.228","7.330","7.220","1.05%"
"12/08/2016","7.220","7.270","7.270","7.230","0.56%"
"12/07/2016","7.180","7.277","7.277","7.200","-1.24%"
"12/06/2016","7.270","7.320","7.320","7.270","-0.55%"
"12/05/2016","7.310","7.358","7.380","7.320","-0.68%"
"12/03/2016","7.360","7.360","7.360","7.360","0.27%"
"12/02/2016","7.340","7.310","7.360","7.280","0.41%"
"12/01/2016","7.310","7.258","7.390","7.250","1.02%"
"11/30/2016","7.236","7.300","7.320","7.254","-0.66%"
"11/29/2016","7.284","7.420","7.420","7.270","-0.63%"
"11/28/2016","7.330","7.420","7.428","7.328","-1.61%"
"11/26/2016","7.450","7.450","7.450","7.450","0.68%"
"11/25/2016","7.400","7.490","7.490","7.450","-0.94%"
"11/24/2016","7.470","7.460","7.490","7.450","0.67%"
"11/23/2016","7.420","7.399","7.509","7.399","0.54%"
"11/22/2016","7.380","7.350","7.419","7.270","0.14%"
"11/21/2016","7.370","7.390","7.390","7.370","0.27%"
"11/19/2016","7.350","7.350","7.350","7.350","0.27%"
"11/18/2016","7.330","7.350","7.350","7.350","4.27%"
"11/17/2016","7.030","7.090","7.149","7.040","-0.14%"
"11/16/2016","7.040","7.110","7.160","7.049","-0.14%"
"11/15/2016","7.050","7.220","7.260","7.059","-6.50%"
"11/14/2016","7.540","7.560","7.560","7.560","4.14%"
"11/12/2016","7.240","7.240","7.240","7.240","0.28%"
"11/11/2016","7.220","7.480","7.480","7.190","5.56%"
"11/10/2016","6.840","6.860","6.860","6.860","3.83%"
"11/09/2016","6.588","6.470","6.630","6.470","7.12%"
"11/08/2016","6.150","6.228","6.300","6.159","-1.13%"
"11/07/2016","6.220","6.290","6.290","6.209","-1.11%"
"11/05/2016","6.290","6.290","6.290","6.290","0.32%"
"11/04/2016","6.270","6.399","6.410","6.280","-1.10%"
"11/03/2016","6.340","6.439","6.439","6.349","-0.94%"
"11/02/2016","6.400","6.400","6.450","6.400","0.16%"
"11/01/2016","6.390","6.330","6.440","6.320","2.24%"
"10/31/2016","6.250","6.284","6.300","6.239","-0.64%"
"10/29/2016","6.290","6.290","6.290","6.290","0.64%"
"10/28/2016","6.250","6.240","6.320","6.211","0.48%"
"10/27/2016","6.220","6.190","6.250","6.181","1.30%"
"10/26/2016","6.140","6.165","6.180","6.141","1.17%"
"10/25/2016","6.069","6.089","6.089","6.089","-0.18%"
"10/24/2016","6.080","6.078","6.090","6.076","0.26%"
"10/22/2016","6.064","6.064","6.064","6.064","0.13%"
"10/21/2016","6.056","6.070","6.080","6.064","0.26%"
"10/20/2016","6.040","6.060","6.060","6.060","0.00%"
"10/19/2016","6.040","6.060","6.060","6.060","0.67%"
"10/18/2016","6.000","6.030","6.030","6.030","-0.66%"
"10/17/2016","6.040","6.030","6.110","6.030","-0.17%"
"10/15/2016","6.050","6.050","6.050","6.050","0.00%"
"10/14/2016","6.050","6.100","6.100","6.050","-1.79%"
"10/13/2016","6.160","6.090","6.100","6.050","1.32%"
"10/12/2016","6.080","6.090","6.100","6.060","1.16%"
"10/11/2016","6.010","6.030","6.030","6.030","-0.50%"
"10/10/2016","6.040","6.030","6.080","6.030","-1.79%"
"10/08/2016","6.150","6.150","6.150","6.150","0.33%"
"10/07/2016","6.130","6.130","6.190","6.085","0.33%"
"10/06/2016","6.110","6.180","6.180","6.115","-0.33%"
"10/05/2016","6.130","6.180","6.250","6.150","0.66%"
"10/04/2016","6.090","6.060","6.120","6.030","0.66%"
"10/03/2016","6.050","6.060","6.060","6.060","0.17%"
"10/01/2016","6.040","6.040","6.040","6.040","0.17%"
"09/30/2016","6.030","6.020","6.040","6.010","0.50%"
"09/29/2016","6.000","6.050","6.050","6.010","-0.66%"
"09/28/2016","6.040","6.040","6.050","6.030","0.17%"
"09/27/2016","6.030","6.080","6.080","6.040","-2.03%"
"09/26/2016","6.155","6.150","6.200","6.150","0.24%"
"09/25/2016","6.140","6.140","6.140","6.140","0.00%"
"09/24/2016","6.140","6.140","6.140","6.140","0.16%"
"09/23/2016","6.130","6.070","6.140","6.070","1.49%"
"09/22/2016","6.040","6.010","6.070","6.010","-0.49%"
"09/21/2016","6.070","6.130","6.130","6.100","-1.14%"
"09/20/2016","6.140","6.160","6.170","6.140","0.33%"
"09/19/2016","6.120","6.130","6.150","6.120","0.99%"
"09/17/2016","6.060","6.060","6.060","6.060","0.00%"
"09/16/2016","6.060","6.060","6.180","6.060","0.17%"
"09/15/2016","6.050","6.000","6.090","6.000","1.09%"
"09/14/2016","5.985","6.005","6.005","6.005","0.08%"
"09/13/2016","5.980","6.010","6.010","6.010","0.34%"
"09/12/2016","5.960","5.939","6.010","5.939","1.19%"
"09/10/2016","5.890","5.890","5.890","5.890","0.34%"
"09/09/2016","5.870","5.890","5.890","5.890","1.38%"
"09/08/2016","5.790","5.830","5.830","5.820","1.05%"
"09/07/2016","5.730","5.760","5.760","5.760","-1.21%"
"09/06/2016","5.800","5.820","5.820","5.820","-0.48%"
"09/05/2016","5.828","5.848","5.848","5.848","-0.38%"
"09/03/2016","5.850","5.850","5.850","5.850","0.52%"
"09/02/2016","5.820","5.870","5.870","5.850","-0.17%"
"09/01/2016","5.830","5.850","5.850","5.850","0.34%"
"08/31/2016","5.810","5.835","5.840","5.835","0.17%"
"08/30/2016","5.800","5.830","5.830","5.830","-0.34%"
"08/29/2016","5.820","5.840","5.850","5.840","-0.17%"
"08/27/2016","5.830","5.830","5.830","5.830","0.52%"
"08/26/2016","5.800","5.830","5.830","5.830","-0.68%"
"08/25/2016","5.840","5.860","5.860","5.860","-0.60%"
"08/24/2016","5.875","5.895","5.895","5.895","0.86%"
"08/23/2016","5.825","5.845","5.845","5.845","0.26%"
"08/22/2016","5.810","5.840","5.840","5.840","-0.51%"
"08/20/2016","5.840","5.840","5.840","5.840","0.52%"
"08/19/2016","5.810","5.840","5.840","5.840","0.69%"
"08/18/2016","5.770","5.800","5.800","5.800","-0.86%"
"08/17/2016","5.820","5.840","5.840","5.840","0.52%"
"08/16/2016","5.790","5.830","5.830","5.820","-0.34%"
"08/15/2016","5.810","5.820","5.830","5.820","-0.68%"
"08/14/2016","5.850","5.850","5.850","5.850","0.00%"
"08/13/2016","5.850","5.850","5.850","5.850","0.34%"
"08/12/2016","5.830","5.850","5.850","5.850","-0.51%"
"08/11/2016","5.860","5.880","5.880","5.880","0.00%"
"08/10/2016","5.860","5.860","5.890","5.860","-0.51%"
"08/09/2016","5.890","5.880","5.900","5.880","0.17%"
"08/08/2016","5.880","5.920","5.925","5.910","-2.33%"
"08/06/2016","6.020","6.020","6.020","6.020","0.67%"
"08/05/2016","5.980","6.020","6.020","6.020","-0.50%"
"08/04/2016","6.010","6.030","6.030","6.030","0.17%"
"08/03/2016","6.000","6.020","6.020","6.020","0.50%"
"08/02/2016","5.970","5.990","5.990","5.990","0.34%"
"08/01/2016","5.950","5.960","5.970","5.960","0.17%"
"07/30/2016","5.940","5.940","5.940","5.940","0.34%"
"07/29/2016","5.920","5.920","5.950","5.900","0.00%"
"07/28/2016","5.920","5.930","5.940","5.920","0.17%"
"07/27/2016","5.910","5.920","5.980","5.910","0.34%"
"07/26/2016","5.890","5.930","5.930","5.900","0.00%"
"07/25/2016","5.890","5.930","5.950","5.910","-0.84%"
"07/23/2016","5.940","5.940","5.940","5.940","0.34%"
"07/22/2016","5.920","5.970","5.980","5.940","-0.34%"
"07/21/2016","5.940","5.970","5.970","5.960","-0.50%"
"07/20/2016","5.970","5.970","6.020","5.960","-0.17%"
"07/19/2016","5.980","6.000","6.000","5.960","-0.17%"
"07/18/2016","5.990","6.030","6.030","5.960","-0.33%"
"07/16/2016","6.010","6.010","6.010","6.010","0.33%"
"07/15/2016","5.990","5.950","6.030","5.930","1.35%"
"07/14/2016","5.910","5.940","5.950","5.930","0.51%"
"07/13/2016","5.880","5.910","5.930","5.900","-0.51%"
"07/12/2016","5.910","5.900","5.920","5.900","1.03%"
"07/11/2016","5.850","5.850","5.870","5.850","-0.17%"
"07/09/2016","5.860","5.860","5.860","5.860","0.17%"
"07/08/2016","5.850","5.930","5.930","5.840","-1.18%"
"07/07/2016","5.920","5.940","5.950","5.910","0.17%"
"07/06/2016","5.910","5.890","5.940","5.870","-2.15%"
"07/05/2016","6.040","6.160","6.210","6.040","0.17%"
"07/04/2016","6.030","5.920","6.050","5.920","1.86%"
"07/02/2016","5.920","5.920","5.920","5.920","0.34%"
"07/01/2016","5.900","5.850","6.030","5.850","0.51%"
"06/30/2016","5.870","5.890","6.150","5.880","0.17%"
"06/29/2016","5.860","5.900","5.910","5.880","-1.51%"
"06/28/2016","5.950","5.980","6.090","5.970","-0.83%"
"06/27/2016","6.000","6.010","6.030","5.990","-0.50%"
"06/25/2016","6.030","6.030","6.030","6.030","0.33%"
"06/24/2016","6.010","6.160","6.160","6.030","-0.99%"
"06/23/2016","6.070","6.070","6.090","6.070","0.00%"
"06/22/2016","6.070","6.090","6.100","6.090","0.00%"
"06/21/2016","6.070","6.050","6.090","6.020","0.83%"
"06/20/2016","6.020","6.040","6.070","6.040","-1.31%"
"06/18/2016","6.100","6.080","6.100","6.080","0.66%"
"06/17/2016","6.060","6.120","6.140","6.080","-0.49%"
"06/16/2016","6.090","6.150","6.170","6.090","-0.33%"
"06/15/2016","6.110","6.160","6.160","6.090","-0.65%"
"06/14/2016","6.150","6.170","6.190","6.090","1.32%"
"06/13/2016","6.070","6.090","6.180","6.090","-0.33%"
"06/11/2016","6.090","6.090","6.090","6.090","0.33%"
"06/10/2016","6.070","6.000","6.120","6.000","1.51%"
"06/09/2016","5.980","6.050","6.180","6.000","-0.33%"
"06/08/2016","6.000","6.050","6.060","6.030","-0.99%"
"06/07/2016","6.060","6.190","6.190","6.090","-1.46%"
"06/06/2016","6.150","6.130","6.180","6.130","0.33%"
"06/04/2016","6.130","6.130","6.130","6.130","0.49%"
"06/03/2016","6.100","6.100","6.150","6.090","-0.97%"
"06/02/2016","6.160","6.180","6.190","6.160","0.49%"
"06/01/2016","6.130","6.200","6.200","6.150","0.16%"
"05/31/2016","6.120","6.140","6.150","6.120","0.66%"
"05/30/2016","6.080","6.120","6.130","6.100","-0.33%"
"05/28/2016","6.100","6.100","6.100","6.100","0.33%"
"05/27/2016","6.080","6.110","6.180","6.070","0.16%"
"05/26/2016","6.070","6.090","6.160","6.080","-0.98%"
"05/25/2016","6.130","6.140","6.200","6.140","-0.49%"
"05/24/2016","6.160","6.170","6.190","6.160","-0.32%"
"05/23/2016","6.180","6.130","6.200","6.130","1.15%"
"05/21/2016","6.110","6.110","6.110","6.110","0.33%"
"05/20/2016","6.090","6.140","6.140","5.930","-0.16%"
"05/19/2016","6.100","6.130","6.200","6.110","0.33%"
"05/18/2016","6.080","6.050","6.100","6.050","1.16%"
"05/17/2016","6.010","6.020","6.040","6.010","0.67%"
"05/16/2016","5.970","5.950","5.980","5.950","0.67%"
"05/15/2016","5.930","5.930","5.930","5.930","0.00%"
"05/14/2016","5.930","5.930","5.930","5.930","0.34%"
"05/13/2016","5.910","5.920","5.930","5.910","0.51%"
"05/12/2016","5.880","5.900","5.900","5.890","-0.34%"
"05/11/2016","5.900","5.930","5.930","5.910","0.17%"
"05/10/2016","5.890","5.910","5.920","5.910","0.51%"
"05/09/2016","5.860","5.880","5.890","5.880","-0.85%"
"05/07/2016","5.910","5.910","5.910","5.910","0.17%"
"05/06/2016","5.900","5.940","5.940","5.880","-0.34%"
"05/05/2016","5.920","5.930","5.940","5.900","0.51%"
"05/04/2016","5.890","5.890","5.910","5.880","0.34%"
"05/03/2016","5.870","5.880","5.900","5.880","0.00%"
"05/02/2016","5.870","5.880","5.900","5.850","0.34%"
"04/30/2016","5.850","5.850","5.850","5.850","0.34%"
"04/29/2016","5.830","5.860","5.870","5.850","0.00%"
"04/28/2016","5.830","5.870","5.870","5.840","-1.02%"
"04/27/2016","5.890","5.900","5.950","5.890","0.34%"
"04/26/2016","5.870","5.860","5.910","5.860","-0.51%"
"04/25/2016","5.900","5.930","5.930","5.920","-0.51%"
"04/23/2016","5.930","5.930","5.930","5.930","0.34%"
"04/22/2016","5.910","5.950","5.970","5.920","0.00%"
"04/21/2016","5.910","5.900","5.990","5.900","1.55%"
"04/20/2016","5.820","5.810","5.850","5.810","0.17%"
"04/19/2016","5.810","5.790","5.830","5.790","0.35%"
"04/18/2016","5.790","5.810","5.820","5.790","-0.34%"
"04/16/2016","5.810","5.810","5.810","5.810","0.35%"
"04/15/2016","5.790","5.870","5.880","5.810","-1.19%"
"04/14/2016","5.860","5.890","5.910","5.880","-0.34%"
"04/13/2016","5.880","5.880","5.900","5.840","0.68%"
"04/12/2016","5.840","5.900","5.900","5.850","-1.68%"
"04/11/2016","5.940","5.960","5.980","5.920","-0.17%"
"04/09/2016","5.950","5.950","5.950","5.950","0.34%"
"04/08/2016","5.930","5.940","5.950","5.780","0.00%"
"04/07/2016","5.930","5.910","5.950","5.910","0.51%"
"04/06/2016","5.900","5.790","5.930","5.790","0.34%"
"04/05/2016","5.880","5.880","5.910","5.880","0.34%"
"04/04/2016","5.860","5.930","5.930","5.880","-1.84%"
"04/02/2016","5.970","5.970","5.970","5.970","0.34%"
"04/01/2016","5.950","5.980","5.990","5.870","0.17%"
"03/31/2016","5.940","5.940","6.070","5.830","0.17%"
"03/30/2016","5.930","6.020","6.020","5.860","-1.50%"
"03/29/2016","6.020","6.070","6.090","6.020","-0.33%"
"03/28/2016","6.040","6.080","6.080","6.050","-0.66%"
"03/24/2016","6.080","6.080","6.080","6.080","0.50%"
"03/23/2016","6.050","6.050","6.050","6.050","0.33%"
"03/22/2016","6.030","6.050","6.050","6.050","0.67%"
"03/19/2016","5.990","5.990","5.990","5.990","0.34%"
"03/18/2016","5.970","5.960","6.040","5.840","0.17%"
"03/17/2016","5.960","5.960","6.100","5.870","-2.61%"
"03/16/2016","6.120","6.210","6.220","6.140","-1.13%"
"03/15/2016","6.190","6.200","6.210","6.080","2.65%"
"03/14/2016","6.030","6.210","6.210","6.030","-2.58%"
"03/12/2016","6.190","6.190","6.190","6.190","0.32%"
"03/11/2016","6.170","6.180","6.190","6.170","0.16%"
"03/10/2016","6.160","6.150","6.190","6.120","0.00%"
"03/09/2016","6.160","6.170","6.180","5.980","0.33%"
"03/08/2016","6.140","6.140","6.160","5.970","0.49%"
"03/07/2016","6.110","6.140","6.150","6.120","-0.33%"
"03/05/2016","6.130","6.130","6.130","6.130","0.16%"
"03/04/2016","6.120","6.040","6.230","6.040","-0.65%"
"03/03/2016","6.160","6.040","6.190","6.040","0.16%"
"03/02/2016","6.150","6.140","6.170","6.140","0.49%"
"03/01/2016","6.120","6.080","6.140","6.080","0.49%"
"02/29/2016","6.090","6.100","6.130","5.970","-0.65%"
"02/27/2016","6.130","6.130","6.130","6.130","0.33%"
"02/26/2016","6.110","6.060","6.130","6.060","0.99%"
"02/25/2016","6.050","6.090","6.090","5.910","-0.33%"
"02/24/2016","6.070","6.150","6.170","5.950","-0.98%"
"02/23/2016","6.130","6.100","6.180","6.000","0.82%"
"02/22/2016","6.080","6.080","6.160","5.950","-0.65%"
"02/20/2016","6.120","6.090","6.120","6.090","0.33%"
"02/19/2016","6.100","6.090","6.170","6.050","0.66%"
"02/18/2016","6.060","6.040","6.110","5.880","-0.16%"
"02/17/2016","6.070","6.120","6.180","6.050","0.00%"
"02/16/2016","6.070","6.050","6.120","5.910","0.50%"
"02/15/2016","6.040","6.090","6.090","5.880","-0.82%"
"02/14/2016","6.090","6.090","6.090","6.090","0.00%"
"02/13/2016","6.090","6.090","6.090","6.090","0.33%"
"02/12/2016","6.070","6.140","6.150","6.080","-0.49%"
"02/11/2016","6.100","6.040","6.140","6.040","0.99%"
"02/10/2016","6.040","6.130","6.130","5.930","-1.31%"
"02/09/2016","6.120","6.120","6.140","6.100","0.82%"
"02/08/2016","6.070","6.100","6.140","6.090","0.00%"
"02/06/2016","6.070","6.070","6.070","6.070","0.17%"
"02/05/2016","6.060","5.820","6.070","5.820","1.17%"
"02/04/2016","5.990","5.980","6.010","5.800","0.50%"
"02/03/2016","5.960","6.100","6.100","5.970","1.36%"
"02/02/2016","5.880","6.040","6.120","5.870","-2.65%"
"01/30/2016","6.040","6.040","6.040","6.040","0.33%"
"01/29/2016","6.020","6.090","6.140","6.030","-1.63%"
"01/28/2016","6.120","6.200","6.200","6.130","-0.97%"
"01/27/2016","6.180","6.210","6.240","6.040","-0.48%"
"01/26/2016","6.210","6.260","6.270","6.220","-0.32%"
"01/25/2016","6.230","6.230","6.250","6.040","0.00%"
"01/23/2016","6.230","6.230","6.230","6.230","0.48%"
"01/22/2016","6.200","6.230","6.230","6.230","-0.48%"
"01/21/2016","6.230","6.270","6.270","6.270","0.65%"
"01/20/2016","6.190","6.210","6.210","6.210","-0.32%"
"01/19/2016","6.210","6.250","6.250","6.040","-0.32%"
"01/18/2016","6.230","6.170","6.280","6.170","-0.16%"
"01/16/2016","6.240","6.240","6.240","6.240","0.32%"
"01/15/2016","6.220","6.180","6.250","5.980","1.30%"
"01/14/2016","6.140","6.150","6.180","5.960","0.16%"
"01/13/2016","6.130","5.990","6.200","5.990","-0.49%"
"01/12/2016","6.160","6.220","6.230","5.980","-0.65%"
"01/11/2016","6.200","6.190","6.230","6.190","0.00%"
"01/10/2016","6.200","6.200","6.200","6.200","0.00%"
"01/09/2016","6.200","6.200","6.200","6.200","0.32%"
"01/08/2016","6.180","6.260","6.300","6.030","-0.64%"
"01/07/2016","6.220","6.240","6.260","6.030","0.32%"
"01/06/2016","6.200","6.250","6.250","6.220","-0.16%"
"01/05/2016","6.210","6.230","6.240","6.180","0.16%"
"01/04/2016","6.200","6.230","6.310","6.080","-1.12%"
"01/01/2016","6.270","6.270","6.270","6.270","0.32%"
"12/31/2015","6.250","6.310","6.310","6.270","-0.48%"
"12/30/2015","6.280","6.180","6.350","6.140","0.80%"
"12/29/2015","6.230","6.080","6.340","6.080","0.32%"
"12/28/2015","6.210","6.040","6.240","6.040","0.00%"
"12/24/2015","6.210","6.230","6.230","6.230","0.00%"
"12/23/2015","6.210","6.090","6.290","6.070","0.16%"
"12/22/2015","6.200","6.210","6.220","6.060","0.98%"
"12/21/2015","6.140","6.150","6.330","6.140","-0.81%"
"12/19/2015","6.190","6.190","6.190","6.190","0.32%"
"12/18/2015","6.170","6.040","6.200","6.030","-0.16%"
"12/17/2015","6.180","6.100","6.270","6.090","-1.28%"
"12/16/2015","6.260","6.200","6.370","6.140","-0.95%"
"12/15/2015","6.320","6.420","6.420","6.190","-0.94%"
"12/14/2015","6.380","6.270","6.430","6.270","-0.62%"
"12/12/2015","6.420","6.420","6.420","6.420","0.31%"
"12/11/2015","6.400","6.380","6.440","6.220","0.79%"
"12/10/2015","6.350","6.310","6.390","6.180","1.11%"
"12/09/2015","6.280","6.180","6.350","6.170","-0.48%"
"12/08/2015","6.310","6.270","6.350","6.140","0.80%"
"12/07/2015","6.260","6.270","6.280","6.130","-0.32%"
"12/05/2015","6.280","6.280","6.280","6.280","0.32%"
"12/04/2015","6.260","6.330","6.340","6.280","-0.63%"
"12/03/2015","6.300","6.220","6.320","6.220","1.94%"
"12/02/2015","6.180","6.210","6.220","6.050","0.00%"
"12/01/2015","6.180","6.190","6.190","6.190","-0.32%"
"11/30/2015","6.200","6.210","6.210","6.210","-0.64%"
"11/28/2015","6.240","6.240","6.240","6.240","0.32%"
"11/27/2015","6.220","6.250","6.250","6.110","0.00%"
"11/26/2015","6.220","6.240","6.240","6.240","0.00%"
"11/25/2015","6.220","6.220","6.250","6.110","0.97%"
"11/24/2015","6.160","6.170","6.170","6.170","2.48%"
"11/23/2015","6.011","6.050","6.110","6.040","-0.64%"
"11/22/2015","6.050","6.050","6.050","6.050","0.00%"
"11/21/2015","6.050","6.050","6.050","6.050","0.50%"
"11/20/2015","6.020","6.110","6.110","6.050","-0.33%"
"11/19/2015","6.040","6.110","6.110","6.030","-0.33%"
"11/18/2015","6.060","6.090","6.110","6.080","-0.03%"
"11/17/2015","6.062","6.110","6.150","6.100","-0.93%"
"11/16/2015","6.119","6.119","6.119","6.119","0.15%"
"11/14/2015","6.110","6.110","6.110","6.110","0.33%"
"11/13/2015","6.090","6.140","6.150","6.100","-0.41%"
"11/12/2015","6.115","6.160","6.180","6.130","-0.41%"
"11/11/2015","6.140","6.130","6.180","6.120","0.66%"
"11/10/2015","6.100","6.140","6.160","6.120","-0.18%"
"11/09/2015","6.111","6.100","6.151","6.090","0.18%"
"11/07/2015","6.100","6.090","6.100","6.090","0.49%"
"11/06/2015","6.070","6.110","6.120","6.040","1.00%"
"11/05/2015","6.010","6.040","6.050","6.030","-0.17%"
"11/04/2015","6.020","6.050","6.060","6.030","0.00%"
"11/03/2015","6.020","6.030","6.070","6.010","-0.02%"
"10/31/2015","6.021","6.010","6.021","6.010","0.52%"
"10/30/2015","5.990","6.000","6.040","5.980","0.15%"
"10/29/2015","5.981","5.940","6.040","5.910","1.54%"
"10/28/2015","5.890","5.880","5.930","5.830","0.51%"
"10/27/2015","5.860","5.890","5.890","5.791","0.17%"
"10/26/2015","5.850","5.870","5.900","5.870","-0.85%"
"10/24/2015","5.900","5.900","5.900","5.900","0.51%"
"10/23/2015","5.870","5.880","5.900","5.830","0.69%"
"10/22/2015","5.830","5.870","5.890","5.840","-0.49%"
"10/21/2015","5.859","5.930","5.930","5.890","-0.22%"
"10/20/2015","5.872","5.900","5.920","5.870","0.53%"
"10/19/2015","5.841","5.890","5.910","5.870","-0.60%"
"10/18/2015","5.876","5.876","5.876","5.876","0.00%"
"10/17/2015","5.876","5.870","5.876","5.870","0.44%"
"10/16/2015","5.850","5.890","6.040","5.850","-0.17%"
"10/15/2015","5.860","5.900","6.100","5.890","-0.42%"
"10/14/2015","5.885","5.950","5.970","5.900","-0.76%"
"10/13/2015","5.930","5.950","5.980","5.940","0.00%"
"10/12/2015","5.930","5.950","5.970","5.930","-0.22%"
"10/10/2015","5.943","5.930","5.943","5.930","0.56%"
"10/09/2015","5.910","5.920","5.943","5.900","0.51%"
"10/08/2015","5.880","5.910","5.940","5.880","-0.17%"
"10/07/2015","5.890","5.930","5.940","5.880","-0.17%"
"10/06/2015","5.900","5.980","5.980","5.910","-0.84%"
"10/05/2015","5.950","5.960","5.980","5.920","-0.17%"
"10/03/2015","5.960","5.960","5.970","5.960","0.34%"
"10/02/2015","5.940","6.060","6.060","5.940","-1.16%"
"10/01/2015","6.010","6.040","6.060","6.010","-0.50%"
"09/30/2015","6.040","6.080","6.080","6.050","-0.33%"
"09/29/2015","6.060","6.130","6.130","6.080","-0.49%"
"09/28/2015","6.090","6.130","6.130","6.090","-0.26%"
"09/27/2015","6.106","6.106","6.106","6.106","0.00%"
"09/26/2015","6.106","6.106","6.106","6.106","0.66%"
"09/25/2015","6.066","6.090","6.110","6.090","0.76%"
"09/24/2015","6.020","6.090","6.110","6.060","-0.17%"
"09/23/2015","6.030","6.030","6.070","6.030","0.82%"
"09/22/2015","5.981","6.020","6.040","6.000","-0.43%"
"09/21/2015","6.007","6.040","6.050","6.014","0.12%"
"09/19/2015","6.000","6.000","6.000","6.000","0.33%"
"09/18/2015","5.980","6.010","6.090","6.000","-1.48%"
"09/17/2015","6.070","6.170","6.200","6.020","-2.10%"
"09/16/2015","6.200","6.200","6.200","6.200","0.65%"
"09/15/2015","6.160","6.180","6.200","6.160","0.51%"
"09/14/2015","6.129","6.110","6.169","6.110","0.16%"
"09/12/2015","6.119","6.119","6.119","6.119","0.66%"
"09/11/2015","6.079","6.150","6.150","6.070","-0.07%"
"09/10/2015","6.083","6.190","6.200","6.100","-0.28%"
"09/09/2015","6.100","6.190","6.200","6.100","-0.81%"
"09/08/2015","6.150","6.160","6.180","6.130","0.49%"
"09/07/2015","6.120","6.130","6.180","6.130","-0.15%"
"09/05/2015","6.129","6.129","6.129","6.129","0.66%"
"09/04/2015","6.089","6.120","6.150","6.110","-0.34%"
"09/03/2015","6.110","6.150","6.170","6.120","-0.33%"
"09/02/2015","6.130","6.150","6.158","6.110","1.16%"
"09/01/2015","6.060","6.070","6.120","6.070","0.33%"
"08/31/2015","6.040","6.070","6.080","6.050","-0.53%"
"08/29/2015","6.072","6.070","6.072","6.070","0.70%"
"08/28/2015","6.030","6.070","6.080","6.050","-0.50%"
"08/27/2015","6.060","6.120","6.130","6.070","-0.82%"
"08/26/2015","6.110","6.160","6.160","6.100","0.49%"
"08/25/2015","6.080","6.050","6.120","6.030","0.50%"
"08/24/2015","6.050","6.100","6.150","6.050","-0.18%"
"08/22/2015","6.061","6.050","6.061","6.050","0.51%"
"08/21/2015","6.030","6.060","6.061","6.010","0.67%"
"08/20/2015","5.990","6.030","6.040","6.010","-0.50%"
"08/19/2015","6.020","6.080","6.090","6.030","-0.33%"
"08/18/2015","6.040","6.060","6.070","6.010","0.83%"
"08/17/2015","5.990","5.980","6.020","5.970","-0.33%"
"08/15/2015","6.010","6.000","6.010","6.000","0.50%"
"08/14/2015","5.980","6.020","6.060","6.000","-0.33%"
"08/13/2015","6.000","6.020","6.060","5.970","0.62%"
"08/12/2015","5.963","6.030","6.030","5.990","-0.60%"
"08/11/2015","5.999","6.040","6.050","6.020","-0.76%"
"08/10/2015","6.045","6.060","6.090","6.020","0.33%"
"08/08/2015","6.025","6.050","6.050","6.025","-0.08%"
"08/07/2015","6.030","6.070","6.080","6.020","-0.33%"
"08/06/2015","6.050","6.090","6.100","6.060","-0.35%"
"08/05/2015","6.071","6.110","6.180","6.060","0.35%"
"08/04/2015","6.050","6.030","6.090","6.020","0.83%"
"08/03/2015","6.000","6.070","6.114","6.010","-0.83%"
"08/01/2015","6.050","6.050","6.059","6.050","0.33%"
"07/31/2015","6.030","6.060","6.070","6.040","-0.50%"
"07/30/2015","6.060","6.100","6.110","6.080","0.00%"
"07/29/2015","6.060","6.100","6.190","6.060","-0.16%"
"07/28/2015","6.070","6.080","6.100","6.070","0.00%"
"07/27/2015","6.070","6.110","6.140","6.090","-0.82%"
"07/25/2015","6.120","6.120","6.120","6.120","0.49%"
"07/24/2015","6.090","6.101","6.150","6.090","0.48%"
"07/23/2015","6.061","6.100","6.130","6.090","-0.39%"
"07/22/2015","6.085","6.100","6.125","6.100","0.65%"
"07/21/2015","6.046","6.090","6.090","6.010","0.77%"
"07/20/2015","6.000","6.040","6.060","6.010","-0.17%"
"07/18/2015","6.010","6.010","6.010","6.010","0.50%"
"07/17/2015","5.980","6.000","6.010","5.990","0.17%"
"07/16/2015","5.970","5.970","6.000","5.950","0.67%"
"07/15/2015","5.930","5.970","5.980","5.950","-0.50%"
"07/14/2015","5.960","5.970","6.036","5.950","-0.17%"
"07/13/2015","5.970","6.060","6.070","6.010","-1.09%"
"07/11/2015","6.036","6.030","6.036","6.030","0.43%"
"07/10/2015","6.010","6.060","6.060","6.000","0.50%"
"07/09/2015","5.980","5.990","6.010","5.950","0.84%"
"07/08/2015","5.930","6.020","6.020","5.930","0.51%"
"07/07/2015","5.900","5.990","6.010","5.800","-1.67%"
"07/06/2015","6.000","6.030","6.080","6.030","-1.28%"
"07/04/2015","6.078","6.070","6.078","6.070","0.63%"
"07/03/2015","6.040","6.090","6.100","6.030","-0.48%"
"07/02/2015","6.069","6.110","6.120","6.080","-0.83%"
"07/01/2015","6.120","6.120","6.145","6.060","1.49%"
"06/30/2015","6.030","6.070","6.090","6.030","-0.50%"
"06/29/2015","6.060","6.170","6.170","6.060","-1.91%"
"06/28/2015","6.178","6.178","6.178","6.178","0.13%"
"06/27/2015","6.170","6.150","6.178","6.140","0.49%"
"06/26/2015","6.140","6.170","6.190","6.140","0.66%"
"06/25/2015","6.100","6.140","6.140","6.070","0.43%"
"06/24/2015","6.074","6.130","6.150","6.110","-0.59%"
"06/23/2015","6.110","6.160","6.160","6.110","0.33%"
"06/22/2015","6.090","6.080","6.130","6.070","0.50%"
"06/20/2015","6.060","6.060","6.060","6.060","0.33%"
"06/19/2015","6.040","6.080","6.100","6.040","-0.49%"
"06/18/2015","6.070","6.120","6.130","6.090","-1.30%"
"06/17/2015","6.150","6.170","6.220","6.070","0.00%"
"06/16/2015","6.150","6.180","6.200","6.160","-0.16%"
"06/15/2015","6.160","6.200","6.280","6.170","-0.81%"
"06/13/2015","6.210","6.210","6.210","6.210","0.65%"
"06/12/2015","6.170","6.210","6.220","6.170","0.00%"
"06/11/2015","6.170","6.240","6.270","6.190","-1.28%"
"06/10/2015","6.250","6.260","6.300","6.170","0.16%"
"06/09/2015","6.240","6.270","6.300","6.090","0.16%"
"06/08/2015","6.230","6.270","6.290","6.090","-0.95%"
"06/07/2015","6.290","6.290","6.290","6.290","0.00%"
"06/06/2015","6.290","6.290","6.290","6.290","0.32%"
"06/05/2015","6.270","6.210","6.320","6.060","2.45%"
"06/04/2015","6.120","6.110","6.160","6.070","0.00%"
"06/03/2015","6.120","6.120","6.150","6.120","0.82%"
"06/02/2015","6.070","6.130","6.130","6.090","0.50%"
"06/01/2015","6.040","6.020","6.070","6.020","0.83%"
"05/30/2015","5.990","5.990","5.990","5.990","0.67%"
"05/29/2015","5.950","6.010","6.010","5.980","-0.17%"
"05/28/2015","5.960","5.960","6.000","5.950","0.51%"
"05/27/2015","5.930","5.940","5.960","5.920","0.51%"
"05/26/2015","5.900","6.000","6.000","5.920","-0.51%"
"05/25/2015","5.930","5.970","5.970","5.960","0.00%"
"05/23/2015","5.930","5.940","5.940","5.930","0.34%"
"05/22/2015","5.910","5.930","5.950","5.930","0.34%"
"05/21/2015","5.890","5.880","5.950","5.880","0.34%"
"05/20/2015","5.870","5.920","5.950","5.830","-0.51%"
"05/19/2015","5.900","5.960","5.980","5.930","0.00%"
"05/18/2015","5.900","5.950","5.970","5.920","-0.34%"
"05/16/2015","5.920","5.920","5.920","5.920","0.51%"
"05/15/2015","5.890","5.960","5.960","5.880","-1.34%"
"05/14/2015","5.970","6.060","6.060","5.990","-1.16%"
"05/13/2015","6.040","5.960","6.080","5.960","0.33%"
"05/12/2015","6.020","6.070","6.090","6.020","0.84%"
"05/11/2015","5.970","5.960","6.010","5.950","0.84%"
"05/09/2015","5.920","5.920","5.920","5.920","0.68%"
"05/08/2015","5.880","6.010","6.010","5.920","-2.33%"
"05/07/2015","6.020","6.110","6.110","6.010","-1.31%"
"05/06/2015","6.100","6.130","6.160","6.100","0.66%"
"05/05/2015","6.060","6.030","6.100","6.020","1.00%"
"05/04/2015","6.000","5.970","6.040","5.970","1.35%"
"05/01/2015","5.920","5.930","5.930","5.920","0.51%"
"04/30/2015","5.890","5.880","5.960","5.880","0.68%"
"04/29/2015","5.850","5.900","5.930","5.830","0.34%"
"04/28/2015","5.830","5.840","5.870","5.820","0.69%"
"04/27/2015","5.790","5.820","5.840","5.810","0.00%"
"04/25/2015","5.790","5.800","5.800","5.790","0.52%"
"04/24/2015","5.760","5.790","5.800","5.780","-0.35%"
"04/23/2015","5.780","5.840","5.850","5.800","-0.86%"
"04/22/2015","5.830","5.820","5.860","5.820","0.52%"
"04/21/2015","5.800","5.760","5.840","5.750","0.35%"
"04/20/2015","5.780","5.760","5.820","5.750","0.70%"
"04/18/2015","5.740","5.740","5.740","5.740","0.53%"
"04/17/2015","5.710","5.740","5.760","5.720","0.53%"
"04/16/2015","5.680","5.700","5.750","5.700","-0.35%"
"04/15/2015","5.700","5.690","5.730","5.690","-0.18%"
"04/14/2015","5.710","5.710","5.730","5.700","-0.35%"
"04/13/2015","5.730","5.780","5.790","5.740","-0.52%"
"04/11/2015","5.760","5.760","5.760","5.760","0.35%"
"04/10/2015","5.740","5.750","5.780","5.750","0.70%"
"04/09/2015","5.700","5.700","5.760","5.640","0.88%"
"04/08/2015","5.650","5.640","5.690","5.640","-0.35%"
"04/07/2015","5.670","5.750","5.780","5.680","-0.87%"
"04/06/2015","5.720","5.760","5.780","5.730","-2.72%"
"04/02/2015","5.880","5.860","5.880","5.860","0.68%"
"04/01/2015","5.840","5.910","5.910","5.810","-0.68%"
"03/31/2015","5.880","6.000","6.010","5.900","-1.18%"
"03/30/2015","5.950","5.920","5.990","5.880","1.02%"
"03/28/2015","5.890","5.890","5.890","5.890","0.34%"
"03/27/2015","5.870","5.850","5.900","5.800","0.69%"
"03/26/2015","5.830","5.830","5.900","5.790","1.22%"
"03/25/2015","5.760","5.710","5.850","5.690","1.23%"
"03/24/2015","5.690","5.690","5.740","5.690","0.18%"
"03/23/2015","5.680","5.700","5.770","5.660","-1.39%"
"03/21/2015","5.760","5.760","5.760","5.760","0.35%"
"03/20/2015","5.740","5.850","5.870","5.720","-2.21%"
"03/19/2015","5.870","5.880","5.900","5.800","0.51%"
"03/18/2015","5.840","5.980","6.010","5.830","-2.99%"
"03/17/2015","6.020","6.070","6.100","6.010","-1.63%"
"03/16/2015","6.120","6.120","6.120","6.120","0.00%"
"03/14/2015","6.120","6.120","6.120","6.120","0.33%"
"03/13/2015","6.100","6.070","6.160","6.070","1.84%"
"03/12/2015","5.990","5.910","6.060","5.890","0.84%"
"03/11/2015","5.940","6.070","6.070","5.960","-1.98%"
"03/10/2015","6.060","6.150","6.150","6.070","-0.49%"
"03/09/2015","6.090","6.030","6.130","6.000","1.16%"
"03/07/2015","6.020","6.020","6.020","6.020","0.67%"
"03/06/2015","5.980","5.830","6.020","5.820","2.93%"
"03/05/2015","5.810","5.820","5.880","5.790","0.17%"
"03/04/2015","5.800","5.830","5.890","5.810","-0.17%"
"03/03/2015","5.810","5.760","5.870","5.750","1.75%"
"03/02/2015","5.710","5.660","5.730","5.660","1.24%"
"02/28/2015","5.640","5.640","5.640","5.640","0.36%"
"02/27/2015","5.620","5.600","5.660","5.580","0.72%"
"02/26/2015","5.580","5.560","5.630","5.550","0.18%"
"02/25/2015","5.570","5.550","5.600","5.550","0.72%"
"02/24/2015","5.530","5.590","5.590","5.530","0.00%"
"02/23/2015","5.530","5.620","5.630","5.520","-1.78%"
"02/21/2015","5.630","5.630","5.630","5.630","0.72%"
"02/20/2015","5.590","5.670","5.670","5.630","-1.06%"
"02/19/2015","5.650","5.670","5.700","5.630","0.71%"
"02/18/2015","5.610","5.760","5.780","5.620","-1.92%"
"02/17/2015","5.720","5.680","5.760","5.680","1.24%"
"02/16/2015","5.650","5.670","5.720","5.670","-0.35%"
"02/14/2015","5.670","5.670","5.670","5.670","0.71%"
"02/13/2015","5.630","5.660","5.690","5.640","-0.18%"
"02/12/2015","5.640","5.750","5.770","5.650","-1.23%"
"02/11/2015","5.710","5.700","5.760","5.660","0.71%"
"02/10/2015","5.670","5.670","5.740","5.650","1.07%"
"02/09/2015","5.610","5.620","5.690","5.590","-0.36%"
"02/07/2015","5.630","5.630","5.630","5.630","0.36%"
"02/06/2015","5.610","5.410","5.650","5.410","3.89%"
"02/05/2015","5.400","5.400","5.450","5.380","0.75%"
"02/04/2015","5.360","5.420","5.480","5.360","0.75%"
"02/03/2015","5.320","5.340","5.400","5.250","1.72%"
"02/02/2015","5.230","5.250","5.250","5.230","-0.19%"
"02/01/2015","5.240","5.240","5.240","5.240","0.38%"
"01/30/2015","5.220","5.250","5.300","5.230","0.77%"
"01/29/2015","5.180","5.180","5.270","5.140","0.00%"
"01/28/2015","5.180","5.290","5.290","5.130","-1.33%"
"01/27/2015","5.250","5.280","5.300","5.240","-0.76%"
"01/26/2015","5.290","5.310","5.320","5.290","-0.56%"
"01/24/2015","5.320","5.320","5.320","5.320","0.38%"
"01/23/2015","5.300","5.400","5.400","5.310","-1.12%"
"01/22/2015","5.360","5.520","5.540","5.330","-1.47%"
"01/21/2015","5.440","5.440","5.540","5.410","1.12%"
"01/20/2015","5.380","5.390","5.410","5.330","0.19%"
"01/19/2015","5.370","5.500","5.500","5.390","-0.56%"
"01/17/2015","5.400","5.400","5.400","5.400","0.37%"
"01/16/2015","5.380","5.490","5.500","5.400","-1.82%"
"01/15/2015","5.480","5.560","5.580","5.430","-1.62%"
"01/14/2015","5.570","5.660","5.660","5.570","-1.24%"
"01/13/2015","5.640","5.620","5.690","5.620","0.36%"
"01/12/2015","5.620","5.650","5.660","5.620","-0.18%"
"01/10/2015","5.630","5.630","5.630","5.630","0.54%"
"01/09/2015","5.600","5.610","5.670","5.600","0.18%"
"01/08/2015","5.590","5.670","5.670","5.560","-1.24%"
"01/07/2015","5.660","5.740","5.760","5.670","-1.39%"
"01/06/2015","5.740","5.800","5.830","5.750","-1.20%"
"01/05/2015","5.810","5.840","5.840","5.780","-0.34%"
"01/03/2015","5.830","5.830","5.830","5.830","0.34%"
"01/02/2015","5.810","5.860","5.870","5.820","-0.34%"
"01/01/2015","5.830","5.830","5.830","5.830","0.52%"